0.01046626081537966
-0.2228670725350927
0.1271329275664959
-0.00620040588494458
-0.0562004058344881
-0.222867072383498
0.0437995940645438
-0.1062004057840868
-0.02286707243367419
-0.4245337391095423
-0.03786707250953815
0.227132927465583
-0.2395337392354721
-0.2395337390839327
0.01046626081543481
-0.0895337390836523
-0.1562004058851698
-0.2395337390839327
0.3937995941661876
-0.07286707253481235
-0.1895337391344443
0.0271329275158142
-0.1895337392858734
0.0604662609165178
-0.2228670725351479
-0.122867072484411
0.01046626081543481
0.0437995942161936
-0.3062004057338556
-0.10620040593562628
-0.004533739108834517
0.2254662608410675
-0.3395337391346144
-0.1228670724844662
-0.122867072484411
0.2771329274151265
-0.1562004057335752
-0.2395337392354721
0.0437995942161936
-0.0895337392353020
-0.1728670724340097
-0.3562004058349937
-0.0895337390836523
-0.2228670725350927
0.1271329275664959
-0.3062004058854502
0.0604662607649783
-0.0728670723832729
-0.006200405884999728
-0.4228670724849166
-0.00620040588488944
0.060466260916573
-0.2228670725351479
0.01046626081543481
-0.072867072383328
-0.0562004058344881
-0.0562004058344881
-0.1895337391343891
-0.122867072484411
0.0437995940645438
0.11046626086617164
-0.3395337391346144
0.1104662608661165
-0.0895337392353020
0.2271329276172327
-0.3562004058349937
-0.10620040593562628
-0.00620040573334995
0.0271329275158142
0.227132927465583
-0.2228670725350927
0.1104662608661165
-0.1562004057336303
-0.156200405885225
0.0771329274653577
-0.1395337391847904
-0.072867072383328
-0.1562004058851698
0.2604662608663968
0.1271329275664959
-0.0562004058344881
-0.1895337391343891
-0.0562004058344881
0.0771329274653577
-0.1245337391089816
0.01213292743995024
-0.1228670724844662
0.3104662608159404
-0.0728670725348675
-0.2562004057843120
-0.1062004057840317
0.3937995941661876
0.01046626081548995
-0.00620040588494458
-0.1062004057840868
0.1771329275160394
0.227132927465583
-0.1562004057335752
-0.0728670725348675
0.227132927465583
-0.03953373913410872
0.1771329275160946
-0.389533739084213
0.16046626081566
-0.0728670725348675
-0.0728670725348675
-0.03953373913416387
0.01046626081543481
0.0271329275158142
0.0437995942161936
-0.122867072484411
-0.03953373913416387
0.11046626086617164
-0.10620040593562628
-0.03953373913416387
-0.122867072484411
-0.02286707243378448
0.0771329274653577
0.0937995941657923
-0.2395337390839327
0.0771329274653577
0.0771329274654129
-0.05620040583454326
-0.2562004057843120
-0.03953373913416387
0.193799594216474
-0.2395337392354721
0.09379959416573712
-0.1395337391848456
0.2604662608663968
-0.2895337391850708
0.1937995942164188
-0.0562004058344881
0.09379959416573712
-0.2395337390839327
-0.0562004058344881
0.0771329274653577
0.01046626081537966
-0.02286707243372934
-0.02286707243372934
0.04379959406459896
0.060466260916573
0.2437995941660175
-0.3062004058855053
-0.189533739134334
0.3104662608159404
-0.2228670723835532
0.1271329274149013
0.0437995942161936
0.1937995942164188
0.0271329275158142
-0.0895337392352469
0.01046626081543481
0.1771329275160394
0.0271329275158142
0.1271329275664959
-0.1395337391847904
-0.07286707253492265
0.0771329274653577
-0.189533739134334
0.193799594216474
0.543799594166413
-0.1728670724339546
-0.1062004059356814
0.01046626096702944
-0.02286707258532397
0.0271329275158142
-0.2395337390839327
0.327132927516320
0.09379959416573712
-0.1062004059356814
-0.1728670724339546
0.09379959416573712
0.093799594165682
0.2937995942671556
-0.10620040593562628
0.09379959416573712
-0.0562004058344881
-0.1562004057336303
-0.2062004058347134
0.0437995942162487
0.2771329274150713
-0.0728670723832729
-0.1728670725855492
-0.07286707253492265
0.0271329275158142
-0.1395337390332509
-0.07286707253481235
0.227132927465583
-0.3728670725354283
0.1271329275665510
-0.2395337390839327
0.1604662608157152
0.0604662607649232
-0.2728670724846363
0.1271329275664959
0.0604662607649783
-0.0728670723832729
-0.1228670724844662
0.0771329274654129
-0.006200405884999728
0.16046626081566
0.0437995942161936
0.0437995942161936
-0.1895337391343891
0.0437995940646541
-0.3395337391346144
0.343799594216644
0.0604662607649783
-0.02286707243372934
0.0437995942161936
0.1271329274149013
0.1271329275664959
-0.2412004058600978
0.2787995941913469
0.060466260916573
0.1271329274149013
-0.122867072484411
0.3271329275162647
-0.2228670725350927
0.1437995942668201
-0.122867072484411
-0.0562004058344881
0.1437995941152806
-0.02286707243372934
0.0271329275158142
-0.0562004058344881
0.0437995942161936
-0.02286707258537912
-0.2062004058347685
0.2604662608663968
-0.0562004058344881
0.0771329274653026
0.0604662609166281
-0.2562004057843120
0.1104662608661165
0.0771329274653577
-0.1395337391847904
0.1104662608661165
-0.03953373913410872
-0.1562004058852801
-0.2228670725350376
0.1937995942164188
-0.00620040573334995
0.0771329274653577
0.1437995941152806
-0.02286707243372934
-0.02286707258537912
0.0771329276169524
0.02713292751586934
0.1104662607145219
0.1771329275160394
-0.356200405683399
0.09379959416573712
0.04379959406459896
-0.0562004058344881
-0.006200405733405094
0.16046626081566
-0.02286707243372934
0.3771329274658633
-0.3395337391346144
-0.02286707258532397
0.1271329275664959
0.2104662607652587
0.0771329276169524
-0.2395337392355273
0.1437995942668753
0.0771329274653577
-0.3395337391346144
0.16046626081566
-0.0895337392353020
0.11046626086617164
-0.03953373913416387
-0.02286707243367419
0.1754662607398742
0.0287995942919794
-0.1062004059356814
-0.1395337391847904
0.243799594317557
0.02713292751586934
0.1271329274149013
-0.1895337391343891
0.310466260815885
-0.1728670724339546
0.3271329275162647
-0.2062004058347134
0.1271329274149013
0.1271329275664959
-0.4562004058856755
0.1437995942669304
0.02879959414032962
-0.1245337391090368
-0.0562004058344881
0.0771329274653577
0.0771329274653577
-0.05620040583443297
0.02713292751575905
-0.2728670724846914
0.09379959416573712
-0.0562004058344881
0.0271329275158142
-0.1895337391343891
0.1437995942669304
-0.1895337392859286
-0.03953373913416387
0.1271329275664959
0.2437995941660175
-0.156200405885225
0.0271329275158142
0.2937995942671556
0.16046626081566
-0.0895337392353020
-0.0728670723832729
0.09379959416573712
0.3271329275162647
-0.07286707253481235
-0.05620040583454326
-0.03953373913416387
0.2771329274151816
-0.1728670724340097
-0.1728670724338994
-0.05620040583454326
0.1437995941152806
0.2937995942671005
-0.2728670724846363
0.2104662607652036
0.0437995942161936
-0.07286707253492265
-0.2562004057843120
0.3437995940651598
-0.006200405733405094
0.0437995942162487
-0.006200405884999728
-0.1562004058851698
0.1437995942668201
0.1604662608157152
-0.2728670724846914
0.0271329275158142
0.2604662608663417
-0.1562004058851698
-0.1062004057840317
0.01046626081543481
0.227132927465583
-0.00620040573334995
-0.1395337391848456
-0.02120040580915876
0.392132927541672
-0.0895337392353020
-0.0562004058344881
-0.1395337391847904
0.343799594216644
-0.1395337391847904
0.093799594165682
-0.0895337390836523
0.11046626086617164
-0.0395337392857585
0.02713292751586934
-0.02286707243378448
0.0604662607650335
-0.1062004057840868
-0.189533739134334
0.1271329275664407
0.09379959416573712
-0.0895337392352469
-0.122867072484411
-0.0895337390837074
0.2771329274151816
-0.222867072383498
-0.1395337391849007
0.1104662608661165
0.1937995940648793
-0.0728670723832729
-0.0895337392352469
0.1937995942164188
0.1437995941152255
-0.2395337390838223
-0.05620040583454326
-0.00620040588494458
0.2271329276171776
0.0604662607649783
0.01046626081543481
-0.1062004057840868
0.1604662608157152
0.1771329275160394
-0.3562004058349937
-0.00620040588494458
0.2937995942671005
-0.122867072484411
-0.03953373913416387
0.01046626081548995
0.2437995941659623
0.01046626081543481
-0.2912004058095862
-0.0878670724591368
0.11046626086617164
0.1271329274148461
-0.1395337391847904
0.0771329276168972
-0.122867072484411
0.0604662607649783
0.09379959416573712
-0.0578670724590587
0.07879959424152294
-0.1395337391847904
-0.03953373913410872
-0.1895337392860389
0.3437995942167544
-0.1228670724844662
-0.2895337391850708
0.1437995942668753
0.4604662608162208
-0.2395337392355273
-0.1395337391847904
0.1437995942668201
0.0437995942161936
-0.02286707258532397
-0.1728670724339546
-0.00620040588494458
0.410466260866567
-0.372867072535318
-0.072867072383328
-0.05620040583454326
0.1104662608661165
0.01046626081548995
-0.02286707258537912
-0.0562004058344881
-0.0562004058344881
-0.0895337390836523
-0.1062004057840868
0.01046626081548995
0.093799594165682
-0.2895337391850708
0.1771329275160394
0.0604662609166281
-0.05620040583454326
-0.1395337391847904
-0.02286707258532397
-0.03953373913410872
-0.05620040583454326
-0.0562004058344881
-0.2728670724846914
0.3604662609170786
-0.1395337391848456
-0.1395337391847904
-0.1728670724340097
0.560466260866847
-0.0895337392352469
-0.2395337390838775
-0.07286707253492265
-0.03953373913410872
0.1437995941152806
-0.3895337390841578
-0.1395337391847904
0.2604662608662866
0.1437995941153358
-0.3395337391346144
0.11046626086617164
-0.1395337391848456
-0.00620040588494458
-0.2562004057843120
0.0604662609166281
0.16046626081566
0.0771329274653577
0.01046626081537966
-0.0562004058344881
-0.122867072484411
0.0771329276169524
-0.0895337392352469
-0.222867072535203
0.327132927516320
0.01046626081543481
-0.02286707243372934
-0.0728670725348675
0.1271329275664959
-0.1895337391343891
-0.02286707258532397
-0.03953373913410872
-0.0562004058344881
0.01046626081537966
-0.1562004057335752
-0.00620040588494458
0.0271329275158142
-0.3062004057339107
-0.00620040588494458
0.1604662608157152
-0.2228670725351479
0.02713292751586934
-0.03953373913416387
0.0437995942161936
-0.1228670724844662
0.0604662607650335
-0.1562004057336303
-0.2228670725350927
-0.05620040583454326
-0.122867072484411
-0.3728670725353732
0.1771329275160394
0.060466260916573
-0.2228670725351479
-0.2062004058347134
0.09379959416573712
-0.0728670723832729
-0.1228670724844662
-0.2395337392355273
-0.1562004058851147
0.2604662608663417
0.04379959421613844
-0.07286707253481235
0.1937995942163637
-0.2062004058347685
0.11046626086617164
-0.2395337392355273
0.1104662608661165
-0.2062004058347134
-0.1728670724340097
0.16046626081566
0.0771329274653577
0.0437995942161936
-0.189533739134334
0.1771329275160394
0.01046626081543481
0.060466260916573
-0.1728670725855492
0.1771329275159843
0.2271329274656381
-0.1562004057335752
-0.2395337392355824
0.1771329275161497
0.1771329275160394
-0.32286707243429
-0.00620040588494458
-0.02286707243372934
0.1937995942164188
-0.0562004058344881
-0.02286707258532397
-0.1062004057840868
-0.0712004057587023
-0.0245337392098394
-0.289533739185126
0.2771329275667763
-0.1895337391343891
-0.406200405936132
0.710466260867128
0.1104662608660614
-0.2395337392354721
-0.3895337390841578
0.0604662607649783
-0.072867072383328
0.0271329275158142
-0.2228670725350927
0.0437995942161936
0.04379959406459896
-1.206200405735317
1.043799594116742
0.2937995942671005
-0.07286707253481235
0.01046626081543481
-0.2728670724846914
0.227132927465583
-0.1562004057336303
-0.2062004058347134
-0.3562004058349937
0.360466260765484
-0.03953373913416387
-0.2228670725350927
-0.00620040573334995
0.16046626081566
0.1104662608661165
-0.3395337391346144
0.1437995941153358
-0.1895337391344443
-0.0895337392352469
-0.2562004057842568
0.01046626081537966
0.0937995941657923
0.1437995942668201
-0.3895337392356973
0.2604662608663417
-0.1562004057336303
0.1937995940648793
-0.3562004058349937
0.2271329276171776
-0.0562004058344881
0.04379959406459896
-0.1728670724340097
-0.00620040588494458
0.0937995943173318
0.0604662607649783
-0.2728670724846914
-0.2228670725350927
0.1271329275664959
0.01046626081543481
-0.3562004058349937
0.2604662608663417
0.0937995941657923
-0.00620040588494458
-0.072867072383328
0.0771329274653577
-0.1395337391847904
0.0604662609165178
-0.1562004058851698
0.3104662608159404
0.1937995942164188
-0.2728670724846914
-0.0728670725348675
-0.03953373913410872
0.16046626081566
-0.03953373913410872
-0.1395337391847904
0.02713292751575905
0.377132927465808
-0.2728670724846363
-0.1395337390332509
0.1771329275160946
0.0771329274653577
0.0604662607649232
-0.1728670724339546
0.0604662607650335
-0.3395337391346144
0.0437995942161936
-0.1062004057840868
0.410466260866622
-0.0728670725348675
-0.2395337392355273
0.060466260916573
-0.02286707258537912
-0.222867072383498
-0.0728670725348675
0.1771329275160394
0.0271329275158142
-0.2395337392355273
0.0271329275158142
-0.0728670723832729
0.1104662608661165
-0.2728670724846363
0.1604662608156049
-0.1395337391847904
-0.0895337392352469
0.060466260916573
0.1271329274149013
-0.2728670724846914
-0.1395337390331958
0.1104662607145219
0.0271329275158142
-0.1245337391090368
0.04546626084076416
-0.122867072484411
-0.00620040588494458
0.1104662608661165
-0.1395337391848456
0.0437995942161936
-0.0562004058344881
-0.2562004057843120
0.09379959416573712
-0.189533739134334
-0.00620040588494458
-0.1228670724844662
-0.1062004057840868
-0.02286707243372934
-0.1895337392858734
-0.1562004057336303
0.1437995941152255
-0.2228670725350927
-0.0895337390836523
-0.2228670725351479
-0.1895337391343891
-0.03953373913410872
0.1104662608661165
-0.2895337391850156
-0.2062004058347685
0.2437995941659623
-0.4228670724849166
-0.2562004057842568
-0.03953373913416387
0.1437995941153358
-0.07286707253492265
-0.3728670723837785
0.02713292751586934
-0.222867072535203
-0.0895337392352469
-0.02286707243372934
0.2771329275667763
-0.2062004058347685
-0.2228670725351479
0.01046626081548995
-0.07286707253492265
0.1604662609672547
-0.3895337392356973
0.1771329275159843
0.02713292751586934
-0.156200405885225
-0.2895337390334762
-0.00620040588494458
-0.189533739134334
-0.07286707253492265
-0.00620040588494458
-0.2562004057842568
0.227132927465583
-0.122867072484411
0.02713292751575905
-0.222867072383498
-0.1395337391848456
-0.189533739134334
0.1271329274149013
-0.1228670724844662
0.2271329276172327
-0.2395337392355273
0.01046626081543481
-0.1562004057335752
-0.3562004058350489
-0.0728670725348675
0.0771329274654129
0.01046626081543481
-0.1062004057840868
0.0771329274654129
0.2271329276171776
0.1104662608661165
-0.2895337391850708
-0.2062004058347685
0.0604662607649783
-0.1395337391848456
-0.2728670724846363
0.410466260866622
-0.1395337391849007
-0.02286707243367419
-0.2228670725350927
0.093799594165682
-0.1395337390331958
-0.156200405885225
-0.1062004057840317
0.1271329274149564
0.0271329275157039
0.0104662608155451
-0.006200405733405094
0.1437995941152806
0.093799594165682
-0.15620040573352
0.4104662607149723
-0.2562004057842568
0.01046626081537966
-0.1395337390331406
0.075466260840732
0.01213292744000538
-0.07286707253492265
-0.222867072383498
0.310466260815885
-0.00620040588494458
0.01046626081543481
-0.1062004057840317
0.04379959421613844
0.02713292751586934
0.1271329274148461
0.01046626096702944
0.0437995940646541
0.0437995942161936
-0.1395337391848456
0.0937995941657923
0.1437995942668201
0.0437995940646541
-0.1062004057840868
0.093799594165682
0.1771329275160946
0.0437995942161936
-0.3228670725858296
0.1271329275664959
0.2437995941659623
-0.2228670725350927
0.0437995942161936
-0.07286707253492265
0.1771329275160946
0.060466260916573
0.01046626081543481
0.09379959416573712
0.1437995941153358
-0.1395337390332509
0.1104662607145219
0.2604662608663417
0.0771329276169524
-0.07286707253492265
-0.03953373913410872
0.443799594115786
-0.3895337390841578
-0.00620040588494458
0.09379959416573712
-0.02286707243372934
0.02713292751575905
-0.1562004058851147
0.1771329275160394
0.01046626081543481
-0.0728670725348675
0.1271329275664407
0.02879959414038477
0.2421329275414469
-0.1895337391343891
-0.0562004058344881
0.377132927465808
0.1437995942668753
-0.3228670725857744
-0.072867072383328
0.2104662607652587
0.060466260916573
-0.02286707258537912
0.1271329275664959
-0.1228670724843559
0.1437995941152806
-0.0728670725348675
0.1937995942163637
-0.0895337390836523
0.09379959416573712
-0.0562004058344881
0.0771329274653577
0.0771329274653577
0.01046626096702944
0.02713292736421956
-0.02286707243372934
0.1771329275160394
-0.2062004058347685
-0.05620040583443297
0.1771329275159843
0.09379959416573712
-0.1562004057335752
-0.2395337392354721
0.3271329275162647
0.1437995941152806
-0.3395337391346144
0.1104662608661165
0.377132927465808
-0.1728670724339546
-0.1078670725601417
0.1787995942921495
0.09379959416573712
-0.1562004058851698
0.09379959416573712
0.0271329275158142
0.0771329274653577
-0.1728670724339546
0.0604662609165178
0.0771329274653577
0.09379959416573712
-0.02286707243372934
0.2104662607652036
-0.0895337390836523
-0.03953373928570336
-0.0895337390837074
0.16046626081566
0.1437995941153358
0.277132927566666
-0.2062004058347134
0.0271329275158142
0.0271329275158142
-0.05620040583443297
0.1937995942163637
0.0771329274653577
0.01046626081548995
-0.02286707243378448
-0.2062004058347685
0.3437995942166992
0.01046626081543481
-0.2062004058347685
0.0604662607650335
0.1271329275664959
-0.2895337391850708
-0.02286707243378448
0.0937995941657923
0.09379959416573712
-0.1728670724340097
-0.00620040588494458
0.3771329274658633
-0.3062004057339107
0.0604662607650335
0.0437995942161936
0.0271329275158142
0.1437995941152806
-0.006200405733405094
0.1271329274149564
-0.006200405733405094
0.1771329275160946
-0.406200405936132
0.3271329275162647
0.01046626081543481
0.0271329275158142
0.0604662609166281
0.0954662607902525
0.1087995942416011
-0.289533739185126
0.01046626081543481
0.1604662608157152
-0.072867072383328
0.1437995941153358
-0.1728670724339546
0.310466260815830
-0.1562004058851698
0.1437995942668753
-0.0728670725348675
0.4937995942168693
-0.306200405885395
0.1271329275664959
0.1271329274149013
-0.006200405733405094
-0.1062004059355711
0.2271329276171224
-0.02286707258526883
-0.1728670724340097
0.1771329275160946
0.227132927465583
-0.00620040588494458
-0.1062004057840868
0.01046626081548995
0.02713292751575905
0.1437995942669304
-0.05620040583459841
0.01046626081548995
0.1771329275160394
0.0604662607649783
0.01046626096702944
0.293799594115506
-0.1562004058851698
-0.00620040573334995
-0.006200405884999728
-0.00620040573334995
0.09379959416573712
-0.1562004058851698
0.293799594115561
-0.03786707235799867
-0.00786707250951516
-0.0562004058344881
0.09379959416573712
-0.1062004057840868
0.1271329274149564
-0.2562004057843120
0.2771329274151816
0.1437995942668753
-0.2062004058347685
0.1437995941152806
0.1771329275160394
0.2104662609167982
0.0437995942161936
-0.0728670725348675
0.410466260866622
-0.2395337392354721
0.093799594165682
-0.02286707243367419
0.1104662608660614
-0.00620040588494458
0.060466260916573
0.0771329274654129
0.1104662608660614
0.0271329275158142
0.293799594115561
-0.03786707250953815
-0.00786707250957031
-0.00620040573334995
-0.00620040588494458
0.09379959416573712
-0.2062004058347134
0.1104662608660614
0.1771329275160946
0.2604662608663417
-0.03953373913410872
-0.0895337392352469
0.310466260815885
0.1437995942668753
-0.1728670725855492
-0.072867072383328
0.2604662607148022
-0.03953373913410872
0.0604662609165178
0.0271329275158142
0.04379959406459896
0.0771329276169524
-0.07286707253481235
0.277132927566666
0.110466260714577
-0.3062004057338556
0.1437995941152806
0.1771329275160946
0.02713292751575905
-0.1562004057336303
-0.02286707258532397
0.2771329275667763
-0.00620040588494458
0.16046626081566
0.02713292751586934
0.04379959421613844
0.293799594115506
-0.1562004057335752
-0.0895337392352469
0.1771329275159843
-0.02286707243367419
-0.1895337391343891
0.227132927465583
0.1771329275160394
-0.1395337391847904
-0.1395337391847904
0.1937995942164188
-0.0728670725348675
0.0771329276169524
-0.02286707258537912
0.2621329274909674
0.042132927591623
-0.1728670725855492
-0.05620040583454326
0.410466260866567
-0.189533739134334
-0.1062004057840317
0.4271329275669464
-0.1562004058851698
-0.0562004058344881
-0.05620040583454326
0.4271329275670015
-0.122867072484411
0.1604662608157152
-0.006200405884999728
0.2771329275667211
0.1937995942164188
-0.0728670725348675
0.0437995942161936
0.3104662608159404
-0.1228670724844662
-0.2395337392354721
0.5771329275671715
0.2437995941660175
-0.1728670725856043
0.0271329275158142
0.1437995942669304
0.1604662608157152
0.0954662607902525
0.2254662608410124
0.2271329276172327
-0.00620040588494458
-0.006200405884999728
-0.1062004057840868
0.3104662608159956
0.1771329275160394
-0.05620040583454326
-0.02286707243372934
0.4604662608161657
-0.2228670725351479
0.1771329275160946
0.16046626081566
0.1771329275160394
0.2271329276171776
-0.1562004058851698
0.227132927465583
0.327132927516320
-0.072867072383328
-0.1562004058851698
0.327132927516320
0.1104662608661165
-0.1578670725097404
0.1787995941405549
0.1937995942164188
0.0771329274654129
-0.0728670725348675
-0.1395337390332509
0.4104662607150275
0.0271329275158142
-0.2395337390839327
0.0437995942161936
0.377132927465808
0.293799594115561
-0.3562004058349937
0.193799594216474
0.2437995941659623
-0.1395337391848456
-0.0895337390836523
0.2604662608662866
0.02546626073970413
-0.0712004057587574
0.1604662608157152
0.09379959416573712
0.09379959416573712
0.0437995942161936
-0.0895337392353020
0.2104662609168534
0.1104662608661165
-0.2895337391850708
0.1771329275160394
0.193799594216474
-0.0395337392857585
0.0271329275158142
0.193799594216474
0.2271329274655278
-0.1228670724843559
-0.006200405733405094
0.0937995941657923
-0.1728670725855492
-0.02286707243378448
0.2437995941660175
0.1437995942668201
0.0437995940646541
0.1937995942163637
-0.0562004058344881
0.2771329275667763
-0.156200405885225
-0.0895337390836523
0.2104662607652036
0.2104662609167982
-0.0895337392353020
-0.00620040588488944
0.310466260967535
0.1937995940648242
0.1771329275160394
-0.072867072383328
0.02713292751586934
0.1254662607903307
-0.0712004059102969
-0.0562004056829486
0.2271329274656381
0.1104662608660614
-0.1395337391847904
0.0604662607650335
0.0604662609165178
-0.00620040588494458
-0.02286707243372934
0.02713292751575905
0.360466260765539
-0.2062004058347685
0.060466260916573
0.0437995942161936
-0.03953373928570336
-0.0562004058344881
0.3604662609170234
-0.02286707243372934
0.0771329274653577
-0.156200405885225
-0.00620040573334995
0.1271329274149013
0.0937995941657923
-0.2562004057843120
0.1937995942163637
0.11046626086617164
-0.0562004058344881
-0.00620040588494458
0.3271329275162647
-0.0728670725348675
-0.1062004057840868
0.1437995941152806
0.1437995942668753
0.2604662608663968
-0.2062004058347685
-0.00620040588494458
0.4271329275670015
0.0771329274653577
-0.2895337391850708
0.3437995942166992
0.0771329274653577
0.0437995942161936
0.1104662608660614
0.0604662607650335
0.2104662609167982
-0.1062004057840868
0.1771329273645000
0.1937995942164188
-0.1062004057840317
-0.00620040588494458
-0.0562004058344881
-0.1062004057840868
0.410466260866622
-0.1395337391847904
-0.03953373913416387
0.0437995942161936
0.0771329274653577
-0.2228670725350927
-0.02286707243378448
0.293799594115561
-0.2895337391850708
0.0437995942161936
0.09379959416573712
-0.2062004058347685
0.0771329276170075
0.093799594165682
-0.0728670725348675
-0.0378670725095933
0.242132927541502
-0.1062004057840868
0.1437995941152806
-0.1062004057840868
-0.1395337391847353
0.1771329275159843
0.11046626086617164
-0.0562004058344881
-0.1895337391344443
0.2271329274656381
-0.2228670725350927
-0.1395337391848456
0.0271329275158142
0.577132927567227
-0.4228670724849166
-0.0895337392352469
-0.072867072383328
0.110466260714577
0.243799594317557
-0.3728670725353732
-0.03953373913410872
0.2604662607148022
-0.03953373913410872
-0.3062004057339107
0.2771329274151816
-0.2395337390839327
0.0271329275158142
-0.156200405885225
0.2437995941659623
-0.189533739134334
-0.1395337391847904
-0.02286707243378448
-0.122867072484411
0.2104662607652036
-0.4895337391347844
0.0604662609165178
0.293799594115561
-0.1395337391848456
-0.2062004058347134
0.1437995942668753
0.1604662608157152
-0.3395337391346695
-0.1728670725856043
0.2771329275667763
-0.1728670724339546
0.0604662607649783
-0.2395337390839327
0.227132927465583
0.0937995941657923
-0.3895337392357525
0.31046626096748
-0.122867072484411
0.1771329275159843
-0.489533739286379
0.1271329275664959
0.1771329275159843
-0.1728670724339546
-0.02286707258526883
0.01046626081543481
0.0604662609164627
-0.306200405885395
0.16046626081566
0.02713292751586934
0.1771329275160394
-0.1895337391343891
0.060466260916573
-0.2228670725351479
0.293799594115561
-0.02286707243372934
-0.0728670725348675
0.2437995941659623
-0.1895337391343891
-0.1395337391847904
0.2437995941659623
0.1771329275160394
-0.00620040573334995
-0.1395337391847904
0.1771329275160394
-0.3062004058854502
-0.02286707243372934
0.1104662608661165
-0.00620040588494458
0.0937995941657923
-0.1062004057841419
-0.2395337392354721
0.4271329275670015
0.0771329274653577
-0.4062004057845373
0.1104662608661165
0.293799594115561
-0.006200405733405094
-0.3395337392861538
0.060466260916573
0.310466260815885
-0.0895337390836523
-0.00620040588494458
0.1104662608660614
0.0937995941657923
0.16046626081566
-0.2728670724846914
0.2437995941659623
0.060466260916573
-0.1395337391848456
0.1437995941153358
-0.1562004057336303
0.01046626081543481
0.0604662607649783
-0.00620040573334995
0.0771329274654129
-0.1895337391344443
-0.1562004058851698
0.060466260916573
-0.02286707258532397
-0.3728670723837785
0.0771329274654129
0.1104662608660614
-0.189533739134334
0.0771329274653026
-0.1562004058851698
0.0271329275158142
0.0437995942161936
0.0437995942161936
-0.10620040593562628
0.2604662608663417
-0.2728670724846363
-0.05620040583454326
0.2104662609167982
0.01046626081543481
0.0437995942162487
-0.07286707253492265
0.3271329275162647
-0.3728670725353732
0.02713292751586934
0.0271329275158142
-0.05620040583454326
-0.1062004057840317
-0.00620040588494458
0.3937995941661876
-0.03953373913410872
-0.1728670724340097
0.16046626081566
-0.0562004058344881
0.2104662609167982
-0.1728670725855492
0.0937995941657923
0.0271329275157039
-0.2728670724845811
0.227132927465583
-0.1395337390332509
0.2104662607652036
-0.2228670725350927
0.060466260916573
0.0771329274653577
0.0937995941657923
-0.1395337391849007
-0.1728670724339546
0.2437995941659623
0.0937995941657923
-0.422867072484972
0.0437995942161936
0.11046626086617164
-0.2228670725351479
-0.07286707253492265
0.2271329274656381
-0.322867072434235
-0.1395337391847904
0.16046626081566
0.3937995943177822
-0.4062004059360768
-0.02286707243378448
0.0437995942161936
0.0771329274653577
0.0271329275158142
-0.0562004058344881
-0.122867072484411
0.1937995942164188
-0.0728670725348675
-0.1228670724844662
0.1604662608157152
-0.02286707243378448
-0.3895337392357525
0.2271329274656381
0.0604662609165178
-0.1062004057840317
0.0271329275158142
0.04379959406459896
0.2271329276171776
-0.3728670725353732
-0.122867072484411
0.1771329275160394
-0.3062004058854502
-0.03953373913410872
0.1937995942164188
-0.0895337392352469
0.01046626081543481
0.01046626096702944
0.04379959406459896
-0.0895337390837074
-0.0728670725348675
0.2437995941660175
-0.0562004058344881
-0.02286707243378448
0.0271329275158142
-0.07286707253492265
-0.00620040588488944
-0.322867072434235
0.1937995942163637
0.02713292751586934
-0.1395337391847904
-0.3062004058854502
0.2604662608663417
-0.03953373913410872
-0.2062004058347685
-0.1062004057840868
-0.1562004058851698
0.2937995942671556
-0.1395337391847904
-0.03953373913416387
-0.02286707258537912
-0.1395337391847353
-0.1562004057336303
0.0604662607649783
0.060466260916573
-0.439533739185296
-0.156200405885225
0.1604662609673098
0.2604662607148022
-0.1395337390333061
-0.306200405885395
0.343799594216644
-0.1562004058851698
-0.2228670725351479
0.1104662608661165
0.1271329275664959
-0.2562004057842568
-0.1728670725855492
0.0771329274653026
0.01046626096702944
-0.2562004059359067
0.0937995941657923
-0.1728670724340097
-0.03953373913410872
-0.156200405885225
0.1771329275160394
-0.2895337391850156
-0.1895337391343891
-0.0562004058344881
0.060466260916573
0.0771329274654129
-0.289533739185126
0.01046626081548995
-0.02286707243378448
-0.156200405885225
0.2937995942671005
-0.1062004057839765
-0.02286707258537912
-0.2895337391850156
-0.0728670723832729
0.2271329274655278
-0.1062004057840317
-0.10620040593562628
0.09379959416573712
0.1437995942668753
-0.1562004058851698
0.060466260916573
0.02713292751575905
0.0437995940646541
-0.1228670724844662
0.04379959421613844
0.0104662608155451
0.2604662608662866
-0.1728670724339546
-0.0895337392352469
0.09379959416573712
-0.189533739134334
-0.03953373913416387
0.227132927465583
0.2104662609167982
-0.522867072535543
0.2787995941912917
0.2754662607905007
-0.1728670724339546
0.0937995941657923
0.1771329275160394
0.2271329274656381
-0.1395337391848456
-0.189533739134334
0.1437995942668201
0.0771329274653577
0.16046626081566
-0.03953373913410872
0.0771329274653577
0.2604662608663417
-0.3228670724341798
0.16046626081566
-0.0728670725348675
0.01046626081537966
-0.1228670724843559
0.0771329276168972
0.2271329274656381
-0.3895337392357525
0.2604662608663417
0.2104662609168534
-0.4562004058857306
0.1437995941153358
0.0604662609165178
0.1771329275160946
-0.00620040588494458
-0.1062004057840868
0.1104662608661165
0.1104662608661165
0.09379959416573712
-0.1562004058851698
0.2437995941660175
0.02713292751575905
-0.05620040583443297
-0.05620040583459841
0.3104662608159404
-0.1728670724339546
-0.07286707253492265
0.1437995942669304
-0.156200405885225
-0.00620040573334995
0.1437995941152806
0.16046626081566
0.0271329275158142
-0.00620040588494458
-0.2062004056831739
0.2771329274151816
0.01046626081543481
0.01046626081543481
0.1937995942164188
0.2937995942671005
-0.2062004058347685
-0.2062004058347685
0.1437995941153358
0.327132927516320
-0.5895337391855213
0.1937995942164188
0.360466260765484
0.2437995943175018
-0.0895337392352469
-0.0562004058344881
0.1271329275664959
-0.006200405884999728
0.0937995941657923
-0.122867072484411
0.16046626081566
0.060466260916573
-0.1062004057840868
0.1937995940648242
0.0771329276170075
-0.00620040588494458
-0.05620040583454326
0.1937995942164188
0.01046626081548995
-0.506200405835274
0.1437995941152806
0.327132927516320
0.1771329275160946
0.0771329276168972
0.3437995940651045
0.0771329276169524
-0.1395337391848456
0.0271329275158142
-0.0728670725348675
0.1437995941152806
-0.1062004057840317
-0.1895337391343891
0.2271329274656381
0.09379959416573712
0.0271329275158142
-0.00620040573346024
0.0437995940646541
-0.1728670724339546
0.01046626081543481
-0.03953373913410872
0.1937995942164188
-0.1395337391847904
0.0771329274653577
0.02713292751575905
0.1104662608661165
-0.02286707243372934
-0.0895337392353020
0.3437995942166992
0.0771329274654129
-0.3395337391346144
0.227132927465583
0.1104662608661165
-0.2062004058347685
0.1604662608157152
0.093799594165682
0.010466260966974294
-0.02286707258526883
0.01046626081543481
-0.222867072383498
0.4104662607149723
-0.2728670724846363
0.1104662608660614
-0.02286707243372934
0.410466260866622
0.01046626081543481
-0.1395337391847904
0.093799594165682
-0.03953373913410872
-0.02286707243367419
-0.02286707258537912
0.1437995942668753
0.2104662607652036
-0.2895337391850156
-0.00620040573334995
0.1271329274148461
0.0937995941657923
-0.2395337390839327
0.01046626081543481
0.0771329274653577
-0.1395337391847904
-0.2228670723836084
-0.2228670725350927
0.2271329274656381
-0.0728670723832729
-0.156200405885225
0.2437995941659623
0.0437995942161936
-0.2062004058347685
-0.1062004057840317
0.2771329274151816
-0.07286707253492265
-0.189533739134334
0.2104662609167982
0.1437995941152806
-0.0728670725348675
-0.3395337391345592
0.3604662609169683
0.2437995941660175
-0.3562004058349937
-0.122867072484411
-0.1062004057840868
0.1271329274149013
-0.189533739134334
-0.00620040588494458
0.1104662608661165
-0.122867072484411
-0.1562004057336303
0.1437995941153358
0.01046626081537966
-0.1062004057840868
-0.0562004058344881
0.01046626081543481
0.0271329275158142
0.1104662608661165
-0.1395337391847353
0.093799594165682
-0.00620040573334995
-0.2228670725350927
0.2271329274655278
-0.0545337390583229
-0.2078670726108786
-0.00620040573334995
-0.10620040593562628
-0.0562004056829486
-0.1228670726360608
-0.00620040573334995
0.1271329274149013
-0.3895337390841578
-0.1895337391343891
0.2104662607652587
0.4937995942169796
-0.389533739084213
-0.02286707258532397
-0.02286707243378448
0.2437995941659623
-0.3228670725857193
0.0437995942161936
0.277132927566666
0.193799594216474
-0.07286707253492265
-0.172867072585494
0.1104662608660614
-0.3562004058349386
0.07713292761684207
-0.1228670724843559
0.2104662607652036
-0.0562004058344881
-0.1895337391343891
-0.03953373913410872
0.11046626086617164
-0.539533739236033
-0.1395337391847904
0.1771329275160394
-0.006200405733405094
-0.1062004059355711
0.010466260966974294
0.2104662607652036
-0.0895337390836523
-0.2728670724846914
0.1104662607145219
0.0604662609166281
-0.1395337391848456
-0.2228670725351479
-0.189533739134334
0.2104662609167982
-0.03953373913410872
-0.3228670725858296
0.01046626081548995
0.093799594165682
-0.1728670724339546
-0.3728670725353732
0.2104662609167982
-0.1895337391343891
-0.10620040593562628
-0.03953373913410872
-0.00620040573334995
-0.387867072611237
-0.1912004057589045
0.0771329274653577
-0.00620040573334995
0.01046626081537966
-0.1395337391847904
-0.1062004057840317
-0.03953373913410872
-0.2062004058347685
-0.1395337391847904
0.293799594115506
-0.3228670724341798
-0.4062004057845924
0.01046626081548995
0.1437995941152255
-0.322867072434235
0.01046626081548995
0.0271329275158142
-0.172867072434065
-0.4395337391852409
0.2104662607652036
-0.3062004057338004
-0.006200405884999728
-0.1895337391343891
-0.2562004057842568
0.05879959414040776
-0.0378670725095933
-0.3562004058349937
-0.1395337391847904
-0.0562004058344881
0.1604662608157152
-0.1062004057840868
0.04379959421613844
-0.3562004058349386
0.0437995942161936
0.260466260714747
-0.2562004057843120
-0.02286707243367419
-0.02286707258537912
0.0921329275411665
-0.3545337390588285
-0.156200405885225
0.193799594216474
-0.0562004058344881
-0.3728670725353732
-0.1895337391343891
0.3104662608159404
-0.0562004058344881
-0.02286707243378448
0.01046626081548995
-0.1062004057840868
-0.0395337392857585
-0.0895337390836523
0.0604662607650335
0.0771329276169524
-0.03953373913416387
-0.2728670724846914
-0.07286707253481235
0.0604662607649232
0.0271329275158142
-0.1562004057335752
0.2604662608662866
-0.1728670725855492
-0.2728670724846363
0.1771329275160394
0.2771329275667763
-0.156200405885225
-0.1395337391847904
0.0437995942161936
-0.006200405884999728
-0.00620040573334995
0.1937995940648793
0.0437995942161936
0.01046626081537966
-0.2562004057843120
0.2604662608663417
0.2437995941660175
-0.03953373913410872
-0.3228670725858296
0.11046626086617164
0.0604662609165178
-0.1728670725855492
-0.072867072383328
0.2104662607652036
-0.02286707243367419
-0.2062004058347685
0.01046626081543481
0.1771329275160394
-0.1562004058851698
-0.1395337390331958
0.16046626081566
0.0771329274653577
-0.02286707243378448
-0.0728670725348675
0.3271329275162647
0.0271329275158142
-0.2395337392355273
-0.1062004057839765
0.2771329275667211
-0.07286707253492265
-0.0728670725348675
0.0771329276169524
0.2104662607652036
-0.3062004058854502
-0.1395337390331406
0.2771329274151816
0.16046626081566
0.010466260966974294
0.02713292751575905
-0.03953373928564822
0.2437995941659623
-0.2728670724846914
0.1604662609673098
-0.0895337392353020
0.1437995941153358
-0.172867072434065
0.1771329275160946
0.0437995942161936
-0.156200405885225
0.16046626081566
0.01046626081548995
0.010466260966974294
-0.2228670725351479
-0.02286707243367419
0.2287995940901535
-0.341200405759185
-0.0562004058344881
-0.0562004058344881
0.2271329274655278
-0.2062004058346582
0.093799594165682
0.1271329275664959
0.0271329275158142
-0.3395337391345592
-0.05620040583454326
0.0771329274653577
0.0271329275158142
-0.02286707243378448
0.0771329274654129
-0.006200405884999728
-0.3562004058349386
0.1771329275160394
0.2104662609168534
-0.0895337392353020
-0.2062004058347685
-0.05620040583443297
-0.03953373913416387
-0.1395337391847904
0.04379959421613844
-0.03953373913410872
-0.2728670724846363
0.02713292751575905
-0.02286707258532397
0.01046626096702944
0.16046626081566
-0.0562004058344881
0.11046626086617164
-0.222867072535203
-0.2728670724846363
0.0437995942161936
0.01046626081537966
-0.02286707258526883
-0.0895337390837074
0.293799594115561
-0.1395337390332509
-0.03953373928564822
0.010466260966974294
0.0771329274653577
0.0771329274653577
-0.2062004058347685
0.0271329275158142
-0.00620040573334995
-0.1728670725855492
-0.006200405733405094
0.1771329275160946
0.1271329274149013
-0.2062004058347685
0.0604662609166281
-0.07286707253492265
0.1937995942164188
-0.2228670725351479
-0.03953373913410872
0.2437995941659623
-0.0728670725348675
0.2604662608663417
-0.00620040588494458
0.193799594216474
0.0771329274653577
0.2937995942671005
0.1437995941152806
-0.0895337390836523
0.1437995941152806
-0.03953373913410872
-0.2062004058347685
-0.0562004058344881
0.227132927465583
0.0437995942161936
-0.0895337390836523
-0.10620040593562628
0.2271329276171776
-0.03953373928570336
-0.2895337390334762
0.1771329275160394
0.09379959416573712
-0.02286707258526883
-0.1062004057841419
0.02713292751586934
0.1771329275160394
-0.2562004057843120
0.2604662607148022
0.060466260916573
-0.2245337391596633
-0.137867072560275
0.02713292751575905
0.0771329276169524
-0.05620040583443297
0.0437995940645438
0.01046626096702944
-0.02286707258532397
-0.2062004058347685
-0.00620040573334995
0.1437995941153358
-0.156200405885225
-0.122867072484411
0.3454662608412146
-0.241200405708448
-0.02286707258537912
-0.1728670724339546
0.1271329275664959
-0.2895337391850708
-0.0562004058344881
-0.0728670725348675
0.04379959421613844
-0.03953373913410872
-0.0562004058344881
0.1437995941152806
0.09379959416573712
-0.2895337391850708
-0.0728670723832729
0.2771329274151265
-0.122867072484411
0.1104662608661165
0.01046626081543481
-0.0728670725348675
-0.1895337391343891
-0.189533739134334
0.1937995942164188
-0.122867072484411
0.0437995942161936
0.0604662607649232
0.0604662609166281
-0.02286707258537912
-0.3228670724341798
0.343799594216644
-0.00620040588494458
-0.1728670724339546
-0.05620040583454326
0.0604662607649783
0.1771329275160394
-0.2395337390838775
0.1271329274149013
0.09379959416573712
0.1271329275664959
-0.2562004057843120
0.0271329275158142
0.1437995941153358
-0.0895337392352469
-0.1062004057840868
0.1271329275664959
-0.07286707253492265
-0.372867072535318
0.2271329276171776
-0.0395337392857585
0.01046626096702944
0.0771329274653577
-0.00620040588494458
-0.2228670723835532
-0.1395337391847904
-0.1728670725855492
0.0271329275158142
-0.122867072484411
-0.02286707243378448
0.0604662607649783
-0.122867072484411
-0.1228670724844662
-0.1062004057840317
0.0271329275158142
-0.2895337391850708
0.01046626081543481
-0.1062004057840868
0.09379959416573712
-0.3395337391345592
0.16046626081566
-0.0895337390837074
0.09379959416573712
-0.4728670725860549
0.4771329275166
-0.2562004057843120
-0.2728670724846914
-0.1728670724340097
0.3437995940651045
-0.4895337391348396
0.1604662608157152
-0.0895337390837626
0.0271329275158142
-0.1728670725855492
0.1437995942669304
0.01046626081537966
-0.1228670724844662
-0.2728670724846363
0.05879959414040776
-0.02120040580915876
-0.1045337391595162
-0.1745337392101198
0.410466260866622
-0.4728670724344602
-0.1228670724844662
0.09379959416573712
0.1437995941152806
-0.2062004058347134
0.1104662608661165
0.2104662609167982
-0.05620040583454326
-0.2062004058346582
0.1771329275160394
-0.07286707253492265
-0.1728670724339546
-0.10620040593562628
0.277132927566666
-0.0895337392352469
-0.1395337390331958
0.09379959416573712
-0.2062004058347685
-0.1562004058851698
0.0771329274653577
0.0771329276169524
-0.2562004059359067
0.0771329276169524
-0.1562004058851698
-0.00620040573334995
-0.07286707253492265
-0.0562004058344881
0.310466260815885
-0.2895337391850708
-0.1395337391847904
0.02713292751586934
-0.2062004058347685
-0.0895337390836523
0.1437995941152806
-0.1395337391848456
0.1104662608661165
0.01046626081543481
-0.03953373913410872
0.1937995942164188
-0.156200405885225
0.0437995942162487
0.1271329275664959
-0.2228670725351479
-0.1728670724339546
0.2104662607652036
-0.1728670724340097
-0.0895337392352469
0.310466260967535
-0.1395337391848456
-0.2895337391850156
-1.006200405785548
1.327132927416924
-0.1062004057840868
-0.1562004058852801
0.0437995942162487
0.060466260916573
0.0271329275158142
-0.0895337392353020
-0.02286707243372934
-0.07286707253492265
-0.2728670724846363
0.0771329274653577
0.1437995942668753
-0.506200405835219
0.1937995940648242
0.1604662609673098
-0.1728670725856043
-0.2895337391850708
0.16046626081566
0.0437995942162487
-0.1228670724844662
-0.00620040573334995
0.04379959406459896
0.16046626081566
-0.3062004057338556
0.427132927415407
-0.1395337390332509
-0.1562004058851698
-0.0895337390836523
-0.156200405885225
-0.0728670725348675
-0.2395337390838775
0.427132927415407
-0.1395337390332509
-0.0395337392857585
-0.3228670724341798
0.0604662607649232
-0.00620040573334995
-0.122867072484411
0.1104662608661165
-0.02286707258532397
-0.1062004057840317
-0.07286707253492265
0.1771329275160946
0.02713292751575905
-0.1562004057335752
-0.10620040593562628
0.09379959416573712
0.1104662608660614
-0.4228670724848615
0.2437995941659623
-0.1228670724844662
-0.322867072434235
0.193799594216474
0.0771329274653577
-0.3228670725857744
0.01046626096702944
0.1771329275159843
0.1771329275160394
-0.489533739286379
0.0771329276169524
0.193799594064769
-0.289533739033421
-0.2395337392354721
0.0771329274653577
0.04379959421613844
-0.2228670725350927
0.2271329276171776
0.01046626081537966
-0.05620040583443297
-0.03953373913416387
0.0937995941657923
0.0437995942161936
-0.1062004059356814
-0.3728670723837785
0.2437995941659623
0.16046626081566
-0.1395337391847904
0.01046626081543481
0.16046626081566
-0.2395337390839327
-0.07286707253481235
0.01046626081537966
-0.1062004057840317
-0.02286707243372934
0.0604662607649783
0.1271329275664959
-0.2228670725350927
-0.00620040588494458
0.1104662608660614
-0.189533739134334
-0.03953373913416387
-0.2562004057842568
0.2437995941659623
-0.3062004058854502
-0.03953373913410872
0.09379959416573712
-0.1062004057840317
-0.1228670724844662
0.1937995940648242
0.2104662609167982
-0.406200405784482
-0.03953373928570336
-0.3562004056834542
0.4937995940653299
-0.2895337391850156
-0.122867072484411
0.1271329275664959
-0.2228670725351479
-0.3062004057338556
0.3771329274658633
0.0271329275158142
-0.3562004058350489
-0.00620040588488944
0.1437995942668753
0.1771329275160394
-0.1728670725856043
0.11046626086617164
0.0271329275158142
-0.2062004058347685
-0.03953373913410872
0.3937995941661876
-0.1228670724844662
-0.2562004057842568
0.2604662608663968
0.1104662607145219
-0.2728670724846914
0.060466260916573
0.1937995942164188
0.04379959406459896
-0.2395337390838775
0.2437995941660175
0.093799594165682
-0.2395337390839327
0.02713292736421956
0.310466260967535
0.0271329275158142
-0.2562004059359067
0.1771329275160946
0.16046626081566
-0.1895337391343891
-0.00620040573334995
0.02713292751575905
0.0437995940646541
-0.1895337391343891
0.1271329275664959
0.1287995941910665
0.1587995941910894
-0.1395337391847904
0.2771329274151816
-0.2228670723836084
0.1771329275160946
-0.0728670725348675
-0.02286707243372934
-0.0395337392857585
0.01046626096702944
0.3104662608159404
-0.1395337391848456
-0.2228670725350927
0.16046626081566
0.3771329276174028
-0.3562004058349386
0.01046626081537966
0.5104662607657644
-0.2562004057843672
-0.2728670724846363
0.2437995941660175
0.2437995941659623
-0.2562004057843120
0.0271329275158142
0.2271329274656381
0.01046626081537966
-0.0895337390836523
-0.0562004058344881
0.3271329275162647
-0.00620040588494458
-0.2728670724846914
0.3104662608159404
-0.0562004058344881
-0.1228670724844662
-0.02286707243372934
0.2604662608663417
0.1104662608661165
-0.3562004058349386
0.02713292751575905
0.4104662607150826
-0.3062004057338556
-0.1228670724844662
0.1104662608661165
0.2437995941660175
-0.3062004058854502
0.09379959416573712
0.0271329275158142
0.0604662609165178
-0.3562004058349386
0.427132927415352
-0.2562004057842568
-0.1062004057840868
0.193799594216474
0.0771329274653026
-0.03953373913410872
-0.00620040588494458
-0.02286707243372934
0.0604662607649783
-0.1728670724340097
0.09379959416573712
0.193799594216474
-0.3562004058349937
0.1771329275160394
0.2437995941660175
-0.3562004058350489
-0.03953373913410872
0.2437995941659623
-0.2895337391850156
0.01046626081543481
0.01046626081543481
0.2104662609167982
-0.1895337392859837
0.11046626086617164
-0.1728670724339546
-0.172867072434065
-0.00620040588494458
-0.372867072535318
0.2937995942671005
-0.0895337392352469
-0.2895337391850708
0.1437995942668753
0.1271329274149013
-0.406200405784482
0.04379959421613844
0.0771329274654129
-0.2062004058347685
0.1104662608661165
-0.1395337391848456
0.01046626081543481
0.0271329275158142
-0.05620040583454326
-0.0895337390836523
0.09379959416573712
-0.2895337391850708
0.0937995941657923
0.09379959416573712
-0.1562004057336303
-0.00620040588494458
0.2771329275667211
-0.2895337391850156
-0.2395337392354721
0.01046626081537966
0.2771329275667763
-0.1728670724340097
-0.0895337392353020
0.0604662609166281
0.01046626081537966
-0.1395337391847904
-0.2895337391850708
0.0437995942161936
0.1771329275160394
-0.1728670724339546
-0.2062004058347685
0.4104662607150826
-0.2895337390335313
-0.02286707258532397
0.327132927516320
-0.00620040573334995
-0.506200405835274
0.293799594115561
-0.02286707243378448
-0.1895337392859286
-0.2062004056831739
0.1771329273645000
-0.1228670724844662
-0.03953373913410872
-0.02286707243372934
0.3604662607654288
-0.3062004057338004
-0.0895337392352469
0.1271329275664959
0.0437995942161936
-0.2395337392355273
0.00879959419086423
0.02879959414032962
-0.1062004057839765
0.093799594165682
0.1771329275160394
-0.189533739134334
-0.1728670725855492
0.2271329276171776
0.09379959416573712
-0.3395337391346144
-0.02286707258532397
0.1104662608661165
0.2437995941660175
-0.456200405734136
-0.156200405885225
0.2771329275667763
-0.122867072484411
-0.2562004059359067
0.2437995941660175
0.2437995941659623
-0.506200405835219
0.31046626096748
0.0937995941657923
-0.07286707253492265
-0.156200405885225
-0.00620040573334995
-0.00620040588494458
-0.189533739134334
0.3604662609170234
-0.00620040588494458
-0.0562004058344881
-0.02286707243378448
0.0604662607649783
-0.1062004057839765
-0.1728670725856043
0.2104662609167982
0.0604662607649783
-0.2728670724846914
0.060466260916573
0.2437995941659623
-0.1062004057839765
-0.156200405885225
0.16046626081566
0.0604662609165178
-0.00620040588494458
-0.03953373913410872
-0.0728670725348675
0.1271329275664959
-0.00620040588494458
-0.1562004057336303
-0.0728670725348675
0.0437995942162487
-0.05620040583454326
0.2437995941659623
0.01046626081548995
-0.1895337391344443
0.293799594115561
0.1104662608661165
-0.2228670725350927
0.0437995942161936
0.0604662609165178
0.1937995940648242
-0.1395337391847353
0.2271329276171224
-0.1395337391847904
-0.00620040588494458
0.01046626096702944
0.09379959416573712
0.1437995941152806
-0.2062004058347685
0.1604662608157152
-0.1562004057336303
-0.122867072484411
-0.00620040588488944
0.093799594165682
0.0437995942161936
-0.2395337392355273
0.2937995942671005
0.0604662607650335
-0.3395337391346144
-0.02286707243378448
0.110466260714577
-0.189533739134334
-0.03953373913416387
0.343799594216644
-0.122867072484411
-0.0562004058344881
0.2771329274151265
-0.03953373913410872
-0.2562004057842568
0.01046626081537966
-0.072867072383328
0.02713292736427471
-0.2562004057843120
0.2604662608663417
0.0937995941657923
-0.3062004058854502
0.2271329276171776
0.1271329274149564
0.010466260966974294
-0.1228670724844662
0.1271329274149564
0.1937995942164188
-0.0895337392353020
0.2937995942671556
0.0771329274653577
-0.189533739134334
0.09379959416573712
0.2104662607652036
-0.2062004056831739
0.0771329274653577
0.0771329274653577
-0.1062004057840317
-0.122867072484411
0.1771329275159843
0.11046626086617164
-0.1228670726360057
0.060466260916573
-0.05620040583454326
0.16046626081566
0.01046626081548995
0.00879959419086423
0.06213292754114355
-0.1395337391848456
0.0437995942161936
0.3771329274658633
-0.03953373913416387
-0.4562004057340256
0.1104662607144667
0.1604662609672547
-0.3228670725857744
0.1771329275160394
0.2104662609167982
0.0271329275158142
-0.1228670726360608
0.2104662609168534
0.1937995942164188
-0.1395337391847904
0.1271329275664959
0.1937995940648242
-0.3728670723838337
0.2604662607148574
0.1104662608661165
-0.1728670724340097
-0.122867072484411
-0.0895337392352469
0.1271329275664959
-0.05620040583454326
-0.1062004057840317
0.09379959416573712
-0.006200405884999728
-0.372867072535318
0.343799594216644
-0.1562004057335752
-0.02286707258532397
-0.02286707243372934
-0.00620040588494458
-0.07286707253492265
0.01046626096702944
0.01046626081543481
0.2604662608663417
-0.2395337392354721
-0.1395337391848456
0.1437995942669304
-0.2895337391850708
-0.02286707243378448
0.2104662607652587
-0.1395337391848456
-0.2395337390838775
0.1437995941152255
0.02713292751586934
-0.0895337390837074
-0.1728670725855492
0.060466260916573
0.0271329275158142
-0.4562004058856755
0.3104662608159404
0.1937995942163637
-0.4562004058856203
-0.05620040583454326
0.1104662608661165
-0.122867072484411
-0.2228670725351479
0.2437995943176121
0.01046626081537966
-0.2728670724846363
-0.2228670725351479
0.0271329275158142
-0.2228670725350927
-0.2562004057843120
0.2771329275667211
-0.2395337392355273
-0.2895337391850156
-0.07286707253492265
0.02713292751586934
-0.2728670724847466
0.01046626096702944
0.0937995941657923
-0.2395337392355273
-0.2062004058347685
0.0437995942161936
-0.656200405835444
0.343799594216644
0.1937995940648793
-0.072867072383328
-0.2745337392608566
-0.171200405809384
0.2604662608663968
-0.1228670724844662
-0.3395337391346144
-0.03953373913410872
0.09379959416573712
-0.2562004057843120
0.0604662607650335
0.0771329274653026
-0.4728670724344602
0.01046626081543481
0.0437995942161936
-0.1895337391343891
-0.2228670725350927
0.0604662609165178
-0.2062004058346582
-0.3562004058350489
0.0271329275158142
0.2104662607652036
-0.189533739134334
-0.2228670725351479
-0.1062004057840317
0.0604662607649783
-0.2895337390335313
-0.1562004058851698
0.02713292751586934
-0.156200405885225
0.02713292751586934
-0.1228670724844662
-0.05620040583454326
-0.1395337390331958
0.293799594115506
-0.2228670725351479
-0.02286707243372934
-0.1395337391847904
0.060466260916573
0.01046626081543481
-0.10620040593562628
-0.072867072383328
0.360466260765484
-0.2228670725351479
0.01046626096702944
0.09379959416573712
-0.0562004058344881
0.0271329275158142
0.293799594115561
-0.4228670724849166
0.1771329275160394
-0.2562004057843120
0.0771329274653577
-0.0895337390837074
-0.00620040588494458
0.0771329274653577
-0.00620040573334995
-0.2228670725350927
0.293799594115506
0.0937995941657923
-0.1228670724844662
-0.00620040573334995
-0.0895337392352469
0.0437995942161936
-0.172867072434065
0.2271329274656381
-0.1062004057840868
-0.02286707258526883
-0.02286707243372934
0.2104662607652036
-0.389533739084213
0.0604662607649783
0.393799594166298
-0.2062004058347685
-0.2895337390334762
0.1771329275160394
0.1937995940648793
-0.2728670724847466
0.0771329276169524
-0.0895337392352469
0.1604662608157152
-0.2062004058347685
0.2604662608663968
-0.05620040583454326
-0.02286707243372934
-0.02286707258532397
-0.00620040573334995
0.1104662608661165
-0.1395337391847904
0.1437995941152255
0.1104662608661165
-0.1728670724339546
0.1437995941152806
0.1271329275664959
-0.406200405936132
0.2104662609168534
0.3937995941662427
-0.222867072535203
-0.222867072383498
0.5271329274660886
-0.2062004058347134
-0.4728670724345153
0.2437995941659623
0.01046626081548995
-0.00620040588494458
0.0604662609165178
-0.00620040588494458
0.04379959421613844
0.1937995940648793
0.1771329275160394
-0.0895337390836523
-0.2062004058347685
0.11046626086617164
0.093799594165682
-0.3395337391345592
0.1771329275160394
0.0604662607649783
0.01046626081548995
-0.2228670723836084
0.2271329274656381
0.1437995941152806
-0.2395337390839327
0.01046626081543481
0.09379959416573712
0.1104662608661165
0.01046626081543481
-0.1228670724844662
0.193799594216474
-0.3045337392608796
0.0921329275411665
0.16046626081566
-0.122867072484411
-0.2062004058347134
0.3604662609170234
-0.1228670724844662
-0.3228670725857744
0.0771329276169524
-0.02286707258532397
-0.0562004058344881
-0.1562004057336303
0.4604662608161657
0.1104662608661165
-0.2228670725350927
-0.006200405733405094
-0.00620040588494458
-0.02286707243372934
0.1437995941152806
-0.0895337392352469
0.01046626096702944
-0.3062004058854502
0.1771329275160394
-0.00620040588494458
-0.03953373913416387
-0.122867072484411
0.3771329274658633
-0.189533739134334
-0.1062004057840868
0.2271329274656381
0.01046626081537966
-0.2228670723835532
0.2104662607652587
-0.03953373913416387
-0.322867072434235
0.01046626081548995
0.0437995942161936
0.01046626081537966
-0.122867072484411
-0.03953373913416387
0.2771329274151816
-0.2228670725350927
0.1771329275160394
0.2604662608663968
-0.2228670723836084
-0.0562004058344881
0.1604662608157152
-0.03953373913416387
-0.02286707258532397
-0.03953373913410872
0.1937995942164188
-0.2728670724846363
0.227132927465583
0.04379959421613844
0.0604662607650335
-0.02286707243372934
0.2771329275667211
0.0604662607649783
-0.439533739185296
0.410466260866567
-0.0562004058344881
-0.0562004058344881
-0.02286707243372934
0.293799594115506
-0.4895337391347844
0.1937995942163637
0.0771329274653577
0.1437995941153358
-0.1228670724844662
0.31046626096748
-0.0895337392352469
-0.02286707243372934
-0.02286707258532397
0.1437995942668753
-0.1395337391848456
0.0271329275158142
0.2104662607652587
-0.2228670723835532
-0.0562004058344881
0.09379959416573712
-0.1395337391848456
-0.07286707253492265
0.1604662608157152
0.07879959424152294
-0.207867072459284
0.1104662608661165
0.32713292736467
-0.3728670723837234
-0.006200405884999728
0.2771329275667763
-0.1062004057840868
-0.02286707258532397
-0.05620040583443297
0.310466260815885
-0.3395337391346695
0.2271329274656381
0.0437995942162487
-0.1062004057841419
-0.07286707253481235
0.1271329275664959
0.1104662608660614
-0.3895337392357525
0.2937995942671005
0.0771329274654129
-0.1228670724844662
-0.0562004058344881
0.11046626086617164
-0.156200405885225
0.0271329275158142
-0.1562004058851698
-0.989533739085169
0.827132927466539
0.193799594216474
0.2771329275667763
-0.539533739236033
0.1271329275664959
-0.03953373913410872
-0.156200405885225
-0.00620040588494458
-0.1062004057839765
0.2437995941659623
-0.5395337390844382
0.227132927465583
0.360466260765484
-0.2395337390838775
-0.122867072484411
0.2604662608662866
-0.2228670725350927
-0.1895337391343891
-0.02286707258526883
0.010466260966974294
-0.07286707253492265
-0.00620040588488944
0.1104662608661165
-0.1395337391847904
0.04379959421613844
0.01046626081543481
0.060466260916573
-0.03953373913410872
-0.03953373928570336
0.093799594165682
-0.3062004057338004
0.1104662608661165
0.0604662607649783
-0.1228670724844662
0.0604662609166281
0.0604662607649783
0.1437995942668753
-0.2395337392355273
0.0771329274653577
0.0271329275158142
-0.072867072383328
-0.03953373928564822
0.0604662609165178
-0.0728670725348675
0.0271329275158142
0.343799594216644
-0.1562004058851698
0.01046626081543481
-0.2062004056831739
0.2104662607652036
-0.2062004058347685
0.1604662608157152
0.2437995941659623
-0.289533739033421
0.1271329274149013
-0.0728670725348675
-0.02286707243378448
-0.1728670724340097
0.2271329274656932
-0.03953373913416387
-0.0728670725348675
0.1104662608661165
-0.2228670725350927
0.01046626081537966
0.1437995942668753
0.3104662608159404
-0.3062004058854502
0.0771329276169524
0.0771329274653577
-0.1062004057840317
-0.10620040593562628
0.1771329275159843
0.1271329275665510
-0.1228670724844662
-0.141200405809361
0.2787995941912917
-0.1562004058851698
0.09379959416573712
0.09379959416573712
0.2771329275667211
-0.0728670725348675
0.09379959416573712
0.2937995942671005
-0.2062004058347134
0.09379959416573712
0.293799594115561
-0.2728670724847466
0.1271329275665510
0.1771329275160394
-0.03953373928570336
-0.02286707243378448
-0.1562004058851698
0.1437995942668753
-0.02286707258532397
-0.00620040573334995
0.2104662607652036
0.0771329276170075
-0.222867072535203
0.2937995941156162
0.16046626081566
-0.2228670723835532
0.2104662607652036
0.1937995942164188
-0.0562004058344881
0.0771329274653577
-0.00620040573334995
0.02713292751575905
-0.1562004058851698
0.327132927516320
-0.1395337391848456
-0.1228670724843559
-0.172867072434065
0.3437995940651045
-0.289533739033421
0.093799594165682
0.1437995941153358
-0.2895337391850708
-0.072867072383328
0.5604662607153078
-0.4562004057340808
0.1271329274149013
0.343799594216644
0.0937995941657923
-0.172867072434065
-0.0545337392098624
0.04213292759156786
-0.0728670725348675
0.09379959416573712
0.01046626081543481
0.1104662608661165
-0.0878670724591368
0.458799594191595
-0.1062004059355711
-0.4062004057845924
0.3937995941662427
-0.0562004058344881
-0.3062004057338556
0.0771329274653577
0.0437995942161936
-0.2728670724846914
0.2771329274151265
0.02713292751586934
-0.1895337391344443
0.11046626086617164
0.1271329274149013
0.1271329275664959
-0.1062004057840317
0.09379959416573712
0.0771329274653026
-0.0895337390836523
0.1937995940648793
-0.0562004058344881
-0.1062004057840868
0.2771329275667763
-0.2562004057843120
-0.03953373928570336
0.31046626096748
-0.00620040588494458
0.0437995942161936
-0.00620040588494458
0.0771329274653026
-0.3228670724341247
-0.03953373913416387
0.16046626081566
-0.122867072484411
0.0771329274653577
0.227132927465583
-0.189533739134334
0.1604662609672547
0.1771329273644448
0.010466260966974294
-0.1895337392858734
-0.03953373913416387
0.0771329276169524
-0.606200405885956
0.5104662607657644
0.0437995942161936
-0.2895337391850708
0.210466260916743
0.1271329275664959
-0.1395337391847353
0.093799594165682
0.1771329275160946
-0.1728670725855492
0.1437995942668753
0.01046626081537966
0.2437995941659623
-0.189533739134334
0.02713292751586934
0.0771329274653026
-0.02286707243372934
0.0771329274653577
0.2271329274656381
-0.2895337391850708
-0.2062004058347685
0.377132927617458
-0.3895337392357525
-0.1395337391848456
0.1771329275160946
-0.03953373913416387
-0.322867072434235
0.09379959416573712
0.427132927415407
-0.5562004057847625
-0.0895337390837074
0.2271329274656381
-0.156200405885225
0.193799594216474
0.04379959421613844
-0.1562004058851147
0.2271329276171776
-0.156200405885225
-0.1078670725601969
0.1621329275918253
0.09379959416573712
0.1271329275664959
-0.2395337392354721
0.16046626081566
-0.0728670725348675
-0.3395337391346144
0.410466260866567
-0.03953373913410872
-0.1728670724339546
0.1271329274149013
-0.1728670724340097
-0.0562004058344881
0.0771329274653026
-0.07286707253481235
0.3604662609169683
-0.02286707243367419
0.227132927465583
-0.03953373913410872
-0.1895337391343891
0.1271329274149013
0.1271329275664959
-0.1728670725855492
0.0437995942161936
0.227132927465583
-0.1062004057840317
-0.122867072484411
0.1271329275664959
-0.03953373913410872
-0.2395337392355273
0.060466260916573
0.1271329274149013
-0.322867072434235
0.2437995941660175
0.04379959421613844
-0.3395337392861538
0.2271329276171776
0.310466260815885
-0.2062004058347134
-0.03953373913416387
0.1104662608661165
-0.2895337391850156
-0.1062004057840317
0.260466260714747
0.1104662608661165
-0.3062004057338556
0.0271329275158142
0.1104662607145219
-0.1562004057336303
0.2104662607653139
0.0771329276168972
-0.0895337392352469
-0.1062004057840317
-0.0562004058344881
-0.00620040588494458
-0.2228670723836084
0.0771329274653577
0.360466260765484
-0.2395337390839327
0.1771329275160394
-0.02286707258532397
-0.222867072383498
-0.00620040588494458
0.1271329275664959
-0.4562004058857306
0.2271329274656932
0.2437995941659072
-0.1395337390331958
0.0271329275158142
-0.00620040588494458
0.0437995942161936
-0.07286707253492265
0.2271329274656381
0.2271329276171776
-0.2728670724846914
0.1771329273644448
-0.03953373913410872
-0.3228670724341798
0.3604662607654288
0.1104662608661165
-0.2728670724846363
0.0954662609418472
0.04213292744002837
-0.0895337390836523
-0.1062004059356814
0.0937995941657923
0.16046626081566
-0.3895337390841578
0.01046626081543481
0.510466260917304
0.0604662607649783
-0.1395337391848456
0.0437995942161936
0.1104662608661165
-0.2228670725350927
0.1271329275664959
0.2604662608663417
-0.2562004059359067
-0.0562004058344881
0.1437995942668753
-0.2062004058347134
0.1771329275160394
-0.02286707258526883
0.07713292761684207
-0.1745337392100646
0.2787995941912917
-0.00620040588494458
-0.189533739134334
0.1937995942163637
0.01046626081548995
0.2104662609167982
-0.1228670724844662
0.0771329274654129
-0.1395337391849007
-0.1062004057839765
0.2937995941154508
-0.372867072535318
0.0771329276169524
0.1937995940648242
0.2437995943176121
-0.2062004058347685
0.110466260714577
0.010466260966974294
-0.07286707253492265
0.0937995941657923
0.1937995942164188
-0.0895337392353020
0.02713292751586934
0.0604662609165178
-0.1728670725855492
-0.1728670724340097
0.1604662608157152
0.1771329275160394
-0.572867072485142
0.2771329275667211
0.1937995940648242
-0.2728670724846363
0.2937995942671005
-0.0562004058344881
-0.02286707258537912
-0.3228670724341798
0.2104662607652036
0.0771329276169524
-0.1395337391848456
0.293799594115561
0.09379959416573712
-0.3062004057338556
0.1104662608661165
0.1271329274149013
-0.2895337391850156
-0.072867072383328
0.3104662608159404
-0.0728670725348675
-0.2562004057843120
0.1104662608661165
-0.00620040588494458
-0.189533739134334
0.01046626081537966
0.2271329274656381
-0.4395337390337566
0.110466260714577
0.1437995942668753
-0.2562004057843120
0.0937995941657923
0.227132927465583
-0.05620040583454326
0.01046626081543481
0.2104662609167982
-0.3895337392356973
-0.2228670725351479
0.1771329275160394
-0.1395337390331958
0.04379959406459896
-0.02286707243378448
-0.1062004057840317
-0.2895337391850708
0.410466260866622
-0.00620040588494458
0.01046626081537966
-0.4395337391852409
0.1271329275664959
-0.07286707253492265
-0.2895337391850708
0.0271329275158142
-0.02286707243367419
-0.3562004058350489
0.09379959416573712
0.09379959416573712
-0.189533739134334
0.2437995941659623
-0.1728670724339546
-0.2062004058347685
0.1771329275160946
-0.05620040583454326
-0.2062004058347685
-0.0745337391594381
0.1937995942164188
-0.287867072560445
-0.156200405885225
0.02546626089124362
-0.05453373920991754
-0.4062004057845373
0.2771329275667211
-0.2228670725350927
-0.03953373913416387
0.0437995942161936
0.1937995940648793
-0.4562004057340808
0.1937995940648242
-0.0895337390836523
0.01046626081543481
-0.1062004057840317
0.1771329275160394
-0.2062004058347685
-0.07286707253492265
-0.1062004057840317
0.2104662607652036
-0.2562004057842568
0.227132927465583
-0.0728670723832729
-0.2062004058347685
-0.1395337391847904
0.2604662608663417
0.0437995942161936
-0.2895337391850708
0.0604662607650335
0.16046626081566
-0.4562004057340808
0.3271329275162647
0.0771329274653577
-0.439533739185296
-0.0728670725348675
0.060466260916573
0.01046626081543481
0.060466260916573
0.0771329274653577
0.01046626081537966
-0.322867072434235
0.1437995941153358
-0.00620040573334995
-0.1728670725856043
-0.02286707243372934
0.04379959406459896
-0.1395337390332509
-0.2228670725350927
0.1771329275160394
0.0271329275158142
-0.306200405885395
0.2104662609167982
-0.2228670725351479
-0.1062004057840868
0.1104662608661165
0.01046626081543481
-0.2062004058347685
-0.1562004058851147
0.2604662608663417
-0.1395337391847904
-0.1562004057336303
-0.0562004058344881
-0.1895337391343891
-0.1395337391847904
0.360466260765484
-0.3062004057339107
-0.1395337391847904
0.427132927415352
-0.222867072383498
-0.856200405936808
0.8271329276180786
-0.00620040588494458
-0.1062004057840317
-0.00620040588494458
-0.00620040573334995
-0.0895337392352469
-0.4062004057845373
0.227132927465583
-0.03953373913410872
0.09379959416573712
-0.1228670724844662
-0.07286707253481235
-0.1228670724844662
-0.03953373913410872
-0.156200405885225
0.0437995942161936
0.1437995942668753
-0.0728670725348675
-0.1728670724339546
0.2271329274655278
0.0437995942161936
-0.5395337392359226
0.0437995942161936
0.0771329274653577
0.0604662609165178
-0.1562004058851698
0.1604662608157152
0.0771329274653026
-0.2228670723835532
0.0271329275158142
0.2771329274151816
-0.1728670724340097
-0.1395337391848456
0.1771329275160946
-0.189533739134334
-0.1395337391848456
0.1771329275160394
-0.07286707253492265
-0.3728670723837234
0.3437995940651045
0.1437995942668201
-0.1395337391847904
0.2104662607652587
0.01046626081543481
-0.2728670724846914
0.1104662608661165
-0.03953373913410872
0.0437995942161936
-0.03953373913416387
0.2604662608663968
-0.4228670726365113
0.1104662608661165
0.4271329275670015
0.0771329274653577
-0.322867072434235
0.16046626081566
0.227132927465583
-0.0562004058344881
-0.2062004058347685
0.31046626096748
-0.07286707253481235
-0.1728670725855492
-0.0895337390837074
0.2104662609167982
-0.1728670725855492
0.2771329275667211
-0.05620040583454326
-0.0395337391340536
0.2104662607652036
0.09379959416573712
-0.00620040573334995
-0.1895337392859837
-0.1062004057840317
0.1271329275664959
-0.156200405885225
0.2437995941660175
0.0771329276169524
-0.2562004059359067
-0.1062004057840317
0.410466260866567
-0.2062004058347134
-0.02286707243378448
0.01046626081543481
0.0771329274653577
-0.189533739134334
0.0271329275158142
0.04379959406459896
-0.02286707243378448
-0.1728670724339546
-0.1395337391847904
-0.07286707253492265
-0.2062004058347134
0.1937995942164188
0.2104662607652587
-0.1228670724844662
-0.2062004058347134
0.0604662609165178
-0.2395337390838775
-0.1228670726360057
0.0771329276168972
-0.00620040588494458
-0.3562004058349386
0.227132927465583
0.04379959421613844
-0.0395337391340536
-0.2395337390839327
0.1937995940648793
-0.2545337391597966
-0.1078670724086022
0.1754662607398742
-0.121200405708301
-1.172867072486098
1.410466260767171
-0.2728670724846914
0.09379959416573712
0.1937995942164188
-0.0895337392352469
-0.1728670724339546
-0.0895337392353020
0.327132927516375
-0.2895337390335313
-0.0895337392352469
0.2771329275667211
-0.2228670725351479
-0.1062004057839765
-0.1728670725856043
0.1771329275160394
-0.02286707243378448
-0.0895337392352469
0.01046626096708458
-0.156200405885225
0.0437995942161936
0.1271329274148461
-0.2728670724846363
-0.1395337391847353
0.3104662609674247
-0.2728670724846914
-0.10620040593562628
0.16046626081566
0.01046626096702944
-0.07286707253481235
0.0604662607649232
0.0271329275158142
-0.1562004057336303
0.193799594216474
-0.1728670725855492
0.01046626081537966
0.0937995941657923
-0.0895337390837074
-0.2212004059105773
0.1254662609419253
0.1437995941153358
0.04379959421613844
-0.2728670724846914
0.0604662607650335
0.1437995942668201
-0.0562004058344881
-0.03953373913410872
0.01046626081548995
-0.1062004057840868
0.093799594165682
0.2271329274656381
0.0437995942161936
-0.10620040593562628
0.09379959416573712
0.1104662608661165
-0.3062004057338556
0.4937995940653299
-0.0895337390836523
-0.1562004058851698
0.3271329275162647
0.0437995942161936
-0.1728670724340097
-0.0562004058344881
0.16046626081566
-0.3562004058349386
0.2104662607652036
0.0271329275158142
-0.072867072383328
0.1604662608157152
-0.05620040583454326
-0.1395337391847904
0.0771329274653026
0.2771329275667763
-0.3062004058854502
-0.03953373913410872
0.2104662609167982
-0.122867072484411
-0.0562004058344881
0.09379959416573712
-0.1228670724844662
0.04379959406459896
0.2437995941659623
-0.222867072383498
-0.00620040588494458
0.343799594216644
-0.3395337391346144
0.02713292751586934
0.01046626081537966
-0.0895337392352469
-0.1728670724340097
0.2437995941660175
0.01046626081543481
-0.2062004058347685
0.0437995942162487
0.04379959421613844
0.04379959406459896
-0.1395337390332509
0.01046626081548995
-0.1395337391847904
-0.1228670724844662
-0.07286707253492265
0.060466260916573
-0.2728670724846363
0.16046626081566
0.04379959421613844
-0.2228670725350927
0.1104662608661165
-0.00620040588494458
-0.2395337390838775
0.1271329274149013
0.1771329275159843
-0.2728670724846363
0.227132927465583
-0.0895337390836523
-0.1062004057840317
0.0771329274653577
0.0604662607649783
0.1771329275160394
0.1104662608661165
0.1271329275664959
-0.2062004058347685
-0.1562004058851698
0.310466260815885
-0.0895337390836523
-0.02286707243372934
0.1271329274149013
-0.0895337390836523
-0.3228670725858296
-0.1062004057840317
0.2104662609167982
-0.1895337392859837
-0.0562004058344881
-0.1062004057840317
-0.1395337391848456
0.0937995941657923
-0.1228670724844662
-0.1562004057336303
-0.03953373913410872
0.1437995941153358
-0.172867072434065
0.0604662607650335
-0.0728670725348675
-0.05620040583454326
0.0437995942161936
-0.0562004058344881
-0.00620040573334995
-0.02286707258532397
-0.0895337390837074
-0.0728670725348675
0.060466260916573
0.1937995940648242
-0.0895337390836523
0.0271329275158142
0.02713292751575905
-0.10620040593562628
-0.0728670723832729
-0.00620040588494458
-0.0562004058344881
-0.1562004057336303
0.1771329275160394
-0.0728670725348675
-0.03953373913410872
0.0771329274653577
-0.2562004057842568
0.1437995941152255
-0.00620040588494458
-0.0728670723832729
-0.0728670725348675
0.1771329275159843
0.0604662609166281
-0.2228670725351479
0.16046626081566
-0.2228670725350927
-0.2562004057843120
0.0604662607649783
0.0771329276169524
-0.1395337391847904
0.2437995941659623
0.0437995942161936
-0.10620040593562628
-0.0895337390836523
0.093799594165682
-0.2062004058347685
0.2604662608663417
-0.2062004058346582
0.0771329274653577
-0.006200405733405094
0.16046626081566
-0.00620040588494458
0.1437995942669304
-0.0895337392352469
-0.02286707243378448
-0.1395337391847904
0.3937995941661876
-0.3228670724341798
0.2771329274151816
0.1104662608660614
-0.03953373913416387
-0.1062004057840317
0.2104662607652587
-0.03953373913416387
-0.306200405885395
0.2104662609167982
-0.03953373913410872
-0.3228670725858296
0.1787995942922047
-0.04120040591027394
-0.122867072484411
-0.02286707243378448
0.1937995940648242
-0.222867072383498
-0.00620040588494458
-0.1062004057840868
-0.1395337391847904
0.2437995941659623
-0.122867072484411
-0.02286707243372934
-0.00620040588494458
-0.1062004057840868
-0.2395337392354721
0.2104662609167982
-0.0895337392352469
-0.2228670723835532
0.1437995941153358
0.2604662608662866
-0.1728670725855492
-0.2562004057842568
0.2104662609167982
-0.156200405885225
-0.3395337391346144
0.193799594216474
0.0437995940645438
-0.2562004057842568
0.01046626081537966
0.0771329276169524
-0.1062004059355711
-0.006200405733405094
0.1604662608157152
-0.1045337391595714
-0.02453373920978426
0.02879959414032962
-0.1912004057589597
0.0771329274653577
-0.0562004058344881
-0.2062004058347134
0.093799594165682
-0.02120040580915876
-0.04120040575867931
-0.1062004057840868
0.3771329274658633
-0.1062004057840317
-0.05620040583454326
0.2104662607652587
-0.3562004058350489
-0.0728670723832729
0.16046626081566
-0.2728670724846363
0.0604662607650335
-0.006200405733405094
-0.02286707258537912
-0.0895337390836523
0.1771329275160946
-0.2895337391850708
0.09379959416573712
-0.05620040583454326
-0.1728670724339546
0.0271329275158142
0.01046626081543481
-0.2895337391850708
0.2271329274656381
-0.0378670725095933
-0.3578670724595092
0.1104662608660614
0.2104662607653139
-0.32286707243429
0.060466260916573
0.01046626081543481
-0.122867072484411
0.02713292751575905
0.2437995941660175
-0.4228670724849166
0.05879959414040776
-0.00453373910877937
0.1437995941152255
-0.122867072484411
-0.03953373913410872
-0.0728670725348675
0.2604662608663417
0.0437995942161936
-0.0728670725348675
0.01046626081543481
0.227132927465583
-0.2728670724846363
0.01046626081537966
0.0271329275158142
-0.0562004058344881
-0.1728670724339546
0.4271329275669464
-0.2395337392355273
0.0937995941657923
0.01046626081537966
-0.02286707243367419
-0.1062004057840868
0.3437995940651045
-0.3062004057338556
0.2437995941659623
0.0437995942161936
-0.1228670724844662
-1.0728670725869558
1.227132927517671
-0.07286707253481235
-0.0895337390837074
0.1937995942164188
0.01046626081543481
-0.189533739134334
0.3271329275162647
-0.122867072484411
-0.0895337392353020
0.2271329274656381
0.02713292751575905
-0.122867072484411
0.1104662608661165
0.3771329274658633
-0.406200405784482
0.0604662609165178
-0.03953373913416387
0.16046626081566
-0.00620040588488944
-0.1395337391848456
0.1271329275665510
0.04379959421613844
0.1937995940648793
-0.1228670724844662
0.0771329276170075
0.1771329273643897
-0.2728670724846363
0.2604662608663417
-0.1395337391847904
-0.3728670723837785
0.0771329274653577
0.09379959416573712
-0.0895337390836523
-0.02286707258532397
0.01046626081537966
-0.2228670723835532
0.0937995941657923
-0.07286707253492265
-0.2228670725350927
0.1437995942668753
-0.1228670724844662
0.0437995940646541
0.1937995942163637
-0.0895337390836523
-0.2228670725350927
-0.00620040588494458
0.093799594165682
-0.4395337390337014
0.0937995941657923
-0.006200405884999728
-0.1728670724339546
-0.00620040588494458
0.227132927465583
-0.2062004058347134
-0.02286707243372934
0.0771329274653026
0.01046626081543481
0.0771329276169524
0.1937995940648793
-0.03953373913416387
0.11046626086617164
-0.1228670724844662
0.0271329275158142
0.0437995942161936
0.1121329274906871
-0.2245337391597184
-0.02286707258532397
0.2771329275667211
-0.07286707253481235
-0.1895337391344443
0.0271329275158142
-0.122867072484411
0.193799594216474
0.2271329274655278
-0.1562004057335752
0.0604662607649783
0.0937995941657923
-0.0895337390837074
-0.2562004059359067
0.2271329276172327
-0.339533739286209
0.010466260966974294
0.1271329274149564
-0.2062004058347685
-0.189533739134334
0.16046626081566
-0.03953373913410872
-0.1395337391847904
0.0604662609165178
0.0771329274653577
-0.2895337391850708
0.4604662608161657
-0.1395337390331958
-0.339533739286209
0.1771329275160394
-0.0728670723832729
-0.3395337391346144
0.1771329275160394
0.110466260714577
-0.00620040573334995
-0.07286707253492265
0.09379959416573712
0.0771329274653577
-0.189533739134334
-0.0895337390836523
0.02713292751575905
0.2104662607652036
-0.1062004057840317
-0.2562004057842568
0.0604662607649232
0.1771329275160394
-0.0728670725348675
0.0771329276169524
0.16046626081566
-0.306200405885395
0.2104662609167982
0.310466260815885
-0.2895337391850708
0.2271329274656381
0.1104662608661165
-0.00620040573334995
-0.1062004059356814
0.193799594216474
-0.1895337391343891
0.01046626081543481
-0.00620040588494458
0.175466260891524
0.0954662607902525
0.1421329276423047
-0.1878670725098185
0.393799594166298
-0.137867072560275
-0.0745337391594381
0.1437995942668201
0.1271329274149564
-0.1562004057335752
0.1104662607145219
-0.0562004056829486
-0.03953373928564822
0.1954662608409342
-0.1078670724086022
-0.122867072484411
0.427132927415352
-0.1562004057336303
-0.05620040583443297
0.4604662608161105
-0.3228670724341798
0.01046626081543481
0.1937995942164188
-0.1728670725856043
-0.1562004057336303
0.3937995941662427
-0.0895337392352469
-0.122867072484411
0.2604662608663417
0.0604662607650335
0.093799594165682
0.0937995943173318
0.110466260714577
-0.0895337390837074
0.3937995941661876
-0.189533739134334
0.01046626081543481
0.2104662607652036
-0.1062004057840317
-0.1062004057840868
0.2271329274656381
-0.1895337391343891
0.1104662608661165
0.11046626086617164
-0.00620040588494458
-0.1062004057841419
0.2437995941660175
-0.03953373913410872
-0.0562004058344881
0.1771329275160394
0.0604662607649783
-0.00620040573334995
-0.00620040588494458
-0.02286707243378448
-0.07286707253481235
0.1104662608660614
-0.2395337392354721
-0.0895337390836523
0.2271329274655278
-0.1395337391847904
-0.2395337390839327
0.543799594166468
-0.1395337391847904
0.0437995942161936
0.0771329274653577
-0.1728670724340097
-0.05620040583443297
0.093799594165682
-0.00620040588494458
-0.2062004058347134
0.377132927465808
-0.072867072383328
0.01046626081548995
0.0771329274653577
0.0771329276169524
-0.1228670726360057
0.3271329275162647
-0.00620040573334995
-0.2062004058347685
0.3771329274658633
0.01046626081537966
-0.05620040583443297
0.1937995942164188
-0.1895337391343891
0.0937995941657923
0.1104662608660614
0.1271329274149564
-0.422867072484972
0.377132927617458
-0.4228670724849166
0.2604662608663968
0.09379959416573712
-0.10620040593562628
-0.0895337390837074
0.0771329274653026
-0.0395337391340536
-0.07286707253492265
0.2604662608663968
-0.1228670724844662
0.0271329275158142
0.0271329275158142
-0.00620040588488944
0.210466260916743
0.2104662607652587
-0.189533739134334
0.2104662609167982
0.193799594064769
-0.3228670724341798
0.227132927465583
0.4271329275670015
-0.1895337391343891
0.0271329275158142
0.1771329275160394
-0.10620040593562628
0.0271329275158142
0.1771329275160394
0.0771329276170075
0.310466260815885
0.3271329275162647
-0.306200405885395
0.0771329274653577
0.1271329275664959
-0.00620040588494458
0.093799594165682
-0.0728670723832729
-0.0728670725348675
0.2437995941660175
0.2604662608663417
-0.05620040583454326
0.0771329274654129
0.1937995942163637
0.01046626081548995
-0.1062004057840868
0.0937995941657923
-0.1062004057840868
0.0271329275158142
0.443799594115786
-0.2562004057843672
0.360466260765484
0.0604662609166281
0.0271329275157039
-0.03953373913399844
0.1271329274148461
-0.03953373913410872
0.1437995941153358
0.1271329275664959
-0.02286707243378448
0.0771329274653577
0.293799594115561
-0.006200405733405094
0.327132927516320
0.260466260714747
-0.1728670724339546
0.0771329274653577
0.1437995942668753
-0.00620040588494458
-0.006200405733405094
0.2104662607652587
0.01046626081543481
0.1104662608661165
0.293799594115561
-0.2062004056831739
-0.156200405885225
0.4271329275670015
-0.3395337392861538
0.343799594216644
-0.1228670724844662
0.01046626081543481
-0.0895337390836523
0.377132927465808
-0.2895337391850156
0.0771329274653577
0.3437995942166992
-0.1395337391847904
0.2104662609167982
0.02713292751575905
-0.2562004057843120
-0.03953373928564822
0.2604662608663417
-0.1895337391343891
0.0937995941657923
0.343799594216644
-0.07286707253492265
-0.122867072484411
0.1104662608661165
-0.03953373913410872
-0.0562004058344881
0.09379959416573712
0.1104662608661165
-0.2062004058347685
0.293799594115506
-0.02286707243372934
0.02713292751586934
0.02713292751575905
-0.00620040588494458
-0.1062004057840317
0.477132927516545
-0.3062004058854502
0.3271329275162647
0.2271329274656932
