-20.75658
-20.75595
-20.76932
-20.7617
-20.76207
-20.76544
-20.77881
-20.77618
-20.78256
-20.78393
-20.8094
-20.81167
-20.79805
-20.81242
-20.82679
-20.82616
-20.83153
-20.84091
-20.85528
-20.83165
-20.83602
-20.84739
-20.84577
-20.85714
-20.85351
-20.86688
-20.87425
-20.87363
-20.871
-20.88937
-20.89574
-20.89601
-20.88249
-20.90286
-20.91023
-20.9176
-20.90097
-20.91035
-20.92472
-20.92209
-20.92746
-20.93783
-20.95921
-20.96458
-20.97795
-20.97032
-20.98869
-20.98507
-20.98944
-20.98981
-21.01518
-21.01555
-21.01193
-21.0253
-21.02467
-21.02904
-21.03241
-21.03579
-21.04716
-21.05453
-21.0519
-21.04527
-21.06565
-21.05902
-21.06439
-21.05076
-21.07213
-21.07851
-21.07888
-21.07725
-21.06362
-21.07699
-21.07037
-21.07974
-21.08911
-21.08448
-21.09285
-21.09723
-21.1066
-21.09097
-21.08334
-21.08671
-21.09809
-21.10146
-21.09683
-21.1043
-21.10357
-21.11095
-21.09232
-21.09669
-21.11206
-21.11843
-21.09481
-21.09418
-21.09455
-21.10092
-21.0903
-21.07667
-21.08604
-21.09041
-21.07678
-21.07916
-21.06853
-21.0919
-21.08227
-21.08664
-21.09102
-21.09339
-21.09276
-21.09113
-21.0885
-21.09588
-21.09825
-21.09162
-21.09799
-21.10036
-21.10774
-21.10911
-21.10448
-21.09885
-21.11322
-21.1086
-21.10397
-21.10734
-21.12271
-21.12508
-21.11346
-21.12783
-21.1222
-21.13057
-21.11494
-21.13232
-21.12069
-21.12406
-21.11843
-21.1328
-21.13618
-21.13155
-21.13092
-21.13229
-21.13366
-21.13104
-21.12741
-21.11278
-21.13115
-21.14252
-21.1239
-21.13727
-21.12964
-21.12701
-21.11538
-21.11376
-21.11913
-21.1185
-21.10787
-21.10624
-21.09862
-21.10699
-21.11136
-21.10673
-21.1181
-21.10648
-21.07385
-21.08422
-21.09059
-21.08996
-21.09134
-21.08971
-21.10408
-21.08445
-21.07882
-21.0852
-21.09557
-21.08994
-21.08431
-21.06669
-21.07306
-21.06743
-21.0708
-21.08017
-21.09255
-21.08992
-21.07329
-21.07766
-21.08803
-21.09241
-21.09078
-21.09915
-21.10352
-21.08989
-21.11227
-21.10464
-21.11901
-21.10938
-21.10575
-21.12213
-21.1145
-21.11087
-21.11524
-21.12261
-21.11799
-21.11836
-21.10873
-21.1061
-21.10347
-21.11485
-21.11222
-21.13259
-21.11196
-21.10833
-21.10971
-21.10708
-21.09945
-21.09182
-21.10629
-21.08957
-21.08594
-21.07831
-21.08568
-21.06605
-21.07943
-21.0708
-21.07817
-21.08154
-21.07291
-21.07429
-21.07266
-21.07603
-21.0734
-21.07477
-21.08715
-21.07152
-21.07489
-21.07026
-21.06663
-21.08201
-21.07538
-21.07075
-21.07912
-21.07249
-21.07487
-21.08424
-21.09761
-21.08598
-21.08635
-21.08173
-21.0731
-21.07447
-21.07584
-21.07121
-21.06959
-21.06296
-21.05233
-21.0737
-21.06807
-21.06545
-21.06882
-21.06919
-21.05956
-21.06094
-21.03831
-21.05868
-21.06005
-21.05242
-21.0398
-21.03517
-21.04954
-21.04091
-21.03628
-21.05666
-21.04703
-21.0524
-21.04577
-21.04814
-21.04952
-21.03899
-21.03726
-21.04363
-21.052
-21.03738
-21.03575
-21.02812
-21.03949
-21.02086
-21.03124
-21.01161
-21.02398
-21.01635
-21.00872
-21.0361
-21.02747
-21.02574
-21.03321
-21.03658
-21.03196
-21.02733
-21.0307
-21.02907
-21.04544
-21.03982
-21.04319
-21.04156
-21.05293
-21.0443
-21.05568
-21.05805
-21.05042
-21.03579
-21.04516
-21.04354
-21.02591
-21.01628
-21.02165
-21.02602
-21.0204
-21.00077
-21.00514
-21.00851
-21.01088
-20.99426
-21.00463
-21.015
-21.01837
-21.00974
-20.99212
-21.00849
-20.99586
-20.99323
-20.9976
-21.01298
-20.99235
-20.99272
-20.99009
-20.99046
-20.99984
-20.99121
-20.98158
-20.99795
-20.99632
-20.9807
-20.99007
-20.99644
-20.99581
-20.98219
-20.98256
-20.99093
-20.9922
-20.96867
-20.97405
-20.97742
-20.98579
-20.96516
-20.97353
-20.96791
-20.97328
-20.96665
-20.96902
-20.96739
-20.96877
-20.96514
-20.97151
-20.98288
-20.97525
-20.96963
-20.975
-20.98237
-20.98774
-20.97111
-20.98449
-20.99286
-20.98623
-20.9746
-20.97897
-20.98435
-20.97272
-20.96409
-20.97846
-20.98183
-20.98221
-20.96858
-20.96495
-20.96432
-20.97069
-20.96107
-20.95044
-20.97181
-20.97218
-20.95455
-20.96193
-20.9643
-20.96367
-20.94904
-20.94841
-20.96589
-20.97116
-20.96453
-20.9569
-20.96527
-20.96065
-20.96802
-20.96439
-20.95876
-20.96223
-20.95751
-20.96588
-20.96825
-20.97962
-20.95899
-20.96637
-20.98374
-20.97511
-20.94748
-20.96185
-20.97023
-20.9616
-20.95897
-20.96034
-20.97071
-20.97109
-20.94646
-20.96883
-20.9732
-20.97658
-20.96995
-20.96932
-20.97069
-20.97406
-20.97744
-20.98281
-20.98918
-20.98855
-20.98292
-21.0003
-20.98967
-20.98604
-20.98941
-20.99778
-20.99916
-21.00153
-21.0049
-21.00827
-21.02464
-21.00302
-21.01139
-21.01976
-21.03013
-20.9965
-21.00188
-21.01625
-21.02062
-21.02299
-21.01436
-21.03774
-21.04611
-21.03048
-21.02185
-21.04222
-21.0356
-21.04397
-21.04434
-21.05971
-21.05608
-21.04646
-21.04183
-21.0412
-21.04457
-21.05194
-21.04732
-21.05269
-21.06606
-21.04643
-21.0458
-21.04718
-21.05155
-21.04392
-21.05529
-21.05666
-21.05904
-21.06241
-21.06178
-21.07115
-21.07152
-21.0699
-21.08827
-21.08864
-21.07901
-21.09238
-21.09076
-21.09313
-21.0905
-21.09787
-21.09424
-21.10362
-21.11699
-21.12036
-21.12773
-21.1501
-21.13948
-21.13585
-21.14922
-21.16159
-21.15596
-21.16034
-21.16771
-21.18208
-21.19145
-21.17583
-21.1732
-21.17757
-21.16594
-21.17831
-21.17169
-21.18606
-21.17943
-21.1918
-21.20217
-21.19255
-21.18792
-21.18529
-21.19666
-21.18603
-21.18541
-21.18178
-21.19215
-21.18152
-21.16789
-21.17727
-21.19164
-21.18101
-21.17038
-21.18975
-21.19013
-21.1915
-21.17987
-21.18324
-21.18461
-21.19099
-21.19526
-21.19673
-21.2141
-21.19747
-21.20885
-21.23322
-21.20859
-21.18396
-21.19833
-21.22171
-21.21808
-21.22245
-21.22082
-21.23419
-21.23157
-21.22894
-21.23381
-21.23868
-21.22105
-21.22543
-21.2248
-21.24117
-21.22754
-21.23691
-21.24929
-21.27066
-21.24903
-21.2514
-21.26477
-21.26515
-21.25552
-21.24889
-21.26926
-21.26063
-21.27201
-21.27738
-21.29275
-21.29212
-21.28649
-21.27787
-21.30124
-21.28561
-21.29498
-21.28335
-21.30473
-21.2911
-21.29447
-21.29184
-21.30222
-21.30259
-21.29696
-21.29333
-21.3097
-21.32308
-21.31545
-21.31482
-21.33619
-21.32056
-21.31494
-21.31531
-21.31968
-21.31505
-21.32342
-21.3198
-21.32917
-21.31054
-21.29891
-21.31528
-21.31966
-21.32203
-21.3124
-21.31477
-21.32314
-21.32152
-21.29889
-21.31526
-21.32363
-21.313
-21.30838
-21.30475
-21.31512
-21.31149
-21.33186
-21.32924
-21.33561
-21.31098
-21.31535
-21.32972
-21.3261
-21.32747
-21.34084
-21.34521
-21.33458
-21.33296
-21.34733
-21.3457
-21.35007
-21.34344
-21.35982
-21.35019
-21.35856
-21.36393
-21.3603
-21.35268
-21.36905
-21.37742
-21.37079
-21.36916
-21.37664
-21.37391
-21.38128
-21.38165
-21.37502
-21.3834
-21.38077
-21.38414
-21.39951
-21.39388
-21.40526
-21.40563
-21.413
-21.41937
-21.42074
-21.43212
-21.44149
-21.43286
-21.44623
-21.4516
-21.46498
-21.47635
-21.47872
-21.47209
-21.48947
-21.50184
-21.48721
-21.51258
-21.52795
-21.53033
-21.5217
-21.52607
-21.54844
-21.54681
-21.56019
-21.56556
-21.56693
-21.5503
-21.56267
-21.57605
-21.57542
-21.57979
-21.57016
-21.59353
-21.58291
-21.58128
-21.59065
-21.60802
-21.60839
-21.61977
-21.62414
-21.62451
-21.63988
-21.62625
-21.63363
-21.632
-21.64537
-21.65374
-21.66511
-21.65749
-21.66486
-21.65123
-21.6656
-21.66497
-21.67435
-21.69572
-21.70009
-21.69546
-21.69483
-21.70121
-21.69658
-21.68295
-21.67632
-21.69369
-21.70607
-21.70244
-21.71081
-21.72718
-21.70255
-21.71093
-21.7123
-21.72567
-21.72004
-21.72841
-21.73779
-21.74416
-21.73653
-21.7349
-21.73427
-21.73465
-21.72602
-21.72039
-21.72976
-21.70513
-21.72051
-21.71988
-21.72825
-21.72372
-21.72299
-21.72737
-21.74074
-21.72211
-21.72248
-21.72185
-21.72823
-21.7256
-21.72397
-21.71634
-21.71572
-21.71309
-21.71046
-21.71883
-21.7132
-21.70458
-21.70195
-21.70832
-21.70269
-21.69206
-21.68944
-21.70881
-21.70118
-21.68655
-21.69992
-21.6973
-21.70167
-21.69104
-21.68741
-21.68678
-21.68116
-21.67253
-21.6809
-21.67427
-21.65864
-21.65402
-21.65839
-21.66076
-21.63413
-21.6575
-21.65788
-21.65225
-21.65362
-21.65199
-21.66136
-21.65074
-21.65011
-21.65448
-21.64685
-21.64512
-21.6306
-21.64197
-21.64534
-21.62271
-21.61408
-21.63346
-21.63783
-21.6252
-21.62157
-21.62294
-21.61532
-21.62269
-21.61406
-21.61843
-21.6068
-21.61218
-21.60655
-21.60992
-21.60529
-21.60066
-21.60004
-21.59841
-21.59978
-21.58915
-21.60152
-21.6049
-21.59427
-21.58864
-21.59801
-21.61238
-21.59276
-21.58413
-21.6045
-21.59787
-21.57524
-21.58562
-21.59209
-21.58136
-21.57573
-21.58511
-21.57948
-21.57785
-21.57322
-21.58359
-21.57997
-21.57534
-21.56971
-21.57108
-21.55845
-21.56383
-21.5662
-21.57157
-21.56194
-21.55331
-21.53669
-21.54906
-21.54743
-21.5458
-21.54917
-21.53755
-21.53292
-21.53229
-21.53366
-21.54603
-21.52541
-21.52478
-21.53715
-21.53352
-21.52589
-21.54327
-21.54464
-21.53901
-21.53338
-21.54375
-21.54413
-21.5215
-21.53987
-21.53624
-21.53361
-21.53199
-21.52336
-21.52373
-21.5161
-21.51647
-21.50585
-21.53022
-21.51059
-21.50996
-21.50833
-21.50471
-21.49898
-21.49245
-21.50982
-21.50919
-21.49957
-21.50394
-21.49531
-21.50568
-21.48705
-21.49643
-21.4878
-21.49217
-21.46254
-21.48091
-21.47329
-21.46566
-21.46603
-21.4724
-21.45877
-21.46015
-21.47052
-21.45989
-21.44626
-21.44663
-21.45301
-21.45238
-21.45075
-21.44212
-21.44549
-21.44487
-21.43424
-21.43061
-21.42998
-21.41236
-21.42173
-21.4221
-21.42247
-21.42284
-21.41722
-21.42659
-21.40896
-21.41123
-21.4117
-21.41508
-21.40945
-21.41582
-21.40819
-21.42356
-21.40694
-21.39831
-21.41068
-21.40205
-21.39142
-21.3788
-21.37617
-21.38054
-21.35591
-21.37028
-21.36466
-21.36603
-21.3594
-21.35977
-21.35614
-21.35152
-21.34489
-21.34326
-21.32563
-21.3279
-21.32838
-21.32875
-21.32912
-21.32349
-21.33586
-21.32924
-21.31861
-21.30298
-21.30535
-21.31072
-21.2921
-21.28347
-21.29384
-21.29821
-21.28258
-21.28496
-21.28133
-21.2797
-21.27707
-21.27244
-21.27682
-21.26019
-21.25356
-21.27193
-21.2633
-21.25268
-21.25105
-21.26042
-21.26179
-21.24516
-21.24554
-21.23591
-21.23428
-21.23165
-21.21402
-21.2234
-21.22877
-21.21814
-21.21951
-21.23088
-21.21726
-21.20663
-21.215
-21.22337
-21.21174
-21.21612
-21.21149
-21.21286
-21.19713
-21.19461
-21.20498
-21.20835
-21.18372
-21.19509
-21.20147
-21.17584
-21.18521
-21.18858
-21.19195
-21.16633
-21.1737
-21.16407
-21.16444
-21.14781
-21.13619
-21.14056
-21.13793
-21.1193
-21.12667
-21.14105
-21.10642
-21.09179
-21.10216
-21.10053
-21.09191
-21.08228
-21.07655
-21.06302
-21.04939
-21.04977
-21.05014
-21.05651
-21.03788
-21.02725
-21.03063
-21.032
-21.00437
-21.01774
-21.00711
-20.99749
-20.98686
-20.97323
-20.9826
-20.96897
-20.94935
-20.95372
-20.96309
-20.94346
-20.93683
-20.94631
-20.93558
-20.92395
-20.91932
-20.92369
-20.93207
-20.90744
-20.90581
-20.92018
-20.91755
-20.89493
-20.8773
-20.89867
-20.88704
-20.87241
-20.88079
-20.88616
-20.87053
-20.869
-20.87327
-20.86365
-20.85802
-20.85239
-20.84976
-20.85513
-20.84251
-20.83588
-20.85325
-20.84262
-20.831
-20.83337
-20.83174
-20.82011
-20.80648
-20.81386
-20.81423
-20.8086
-20.81897
-20.82034
-20.80572
-20.79709
-20.79446
-20.78283
-20.7862
-20.76958
-20.77895
-20.78432
-20.77169
-20.75906
-20.76444
-20.76481
-20.74618
-20.73455
-20.72392
-20.7283
-20.72667
-20.71914
-20.72341
-20.72678
-20.71316
-20.70653
-20.7149
-20.71127
-20.70764
-20.70802
-20.70939
-20.70776
-20.68613
-20.6985
-20.69488
-20.69225
-20.69462
-20.69799
-20.67636
-20.67774
-20.67311
-20.68248
-20.68285
-20.67522
-20.6696
-20.68497
-20.67334
-20.66671
-20.67008
-20.67046
-20.65083
-20.6552
-20.66157
-20.65294
-20.64432
-20.62869
-20.64106
-20.64143
-20.6158
-20.61118
-20.62855
-20.60792
-20.60329
-20.60066
-20.59404
-20.59041
-20.57778
-20.58415
-20.57352
-20.5619
-20.56827
-20.56864
-20.57201
-20.57838
-20.55376
-20.56213
-20.5645
-20.56187
-20.55725
-20.57062
-20.57199
-20.55436
-20.57173
-20.56911
-20.56348
-20.57585
-20.57122
-20.56559
-20.56997
-20.57224
-20.55771
-20.56408
-20.55545
-20.56183
-20.5702
-20.55957
-20.55294
-20.55631
-20.56769
-20.55406
-20.56743
-20.5758
-20.57417
-20.53955
-20.56492
-20.57029
-20.57466
-20.56803
-20.55341
-20.57578
-20.57815
-20.56252
-20.56489
-20.58327
-20.56664
-20.58101
-20.57938
-20.58875
-20.57413
-20.5855
-20.59387
-20.59524
-20.60261
-20.58999
-20.61936
-20.61573
-20.5981
-20.60647
-20.61885
-20.61022
-20.60059
-20.62096
-20.63133
-20.61471
-20.62508
-20.62145
-20.63582
-20.62219
-20.61657
-20.63994
-20.62131
-20.62868
-20.61805
-20.64743
-20.6398
-20.62917
-20.63954
-20.64091
-20.64029
-20.63666
-20.65503
-20.6454
-20.64377
-20.63315
-20.64452
-20.64089
-20.65426
-20.63664
-20.63801
-20.64238
-20.62775
-20.63912
-20.6475
-20.63287
-20.62224
-20.62261
-20.63098
-20.62036
-20.63873
-20.6401
-20.63347
-20.63384
-20.62822
-20.63459
-20.64896
-20.62333
-20.6187
-20.64308
-20.63645
-20.61882
-20.61919
-20.63956
-20.63594
-20.61731
-20.62268
-20.62305
-20.61642
-20.6108
-20.60117
-20.61754
-20.60291
-20.59928
-20.60766
-20.59903
-20.6084
-20.60777
-20.60414
-20.60452
-20.59989
-20.61126
-20.62063
-20.617
-20.61838
-20.64075
-20.63612
-20.62949
-20.64086
-20.63624
-20.64561
-20.64398
-20.64135
-20.63872
-20.6451
-20.62947
-20.64584
-20.64921
-20.63658
-20.63596
-20.63333
-20.6377
-20.61807
-20.64044
-20.63882
-20.63719
-20.64056
-20.64693
-20.6473
-20.62368
-20.62605
-20.63642
-20.62679
-20.63016
-20.61754
-20.62791
-20.62228
-20.62065
-20.63702
-20.6234
-20.63177
-20.61914
-20.63251
-20.62889
-20.62426
-20.61863
-20.627
-20.63737
-20.62275
-20.61712
-20.64249
-20.63986
-20.63323
-20.64661
-20.65098
-20.63735
-20.65672
-20.66509
-20.65547
-20.63184
-20.65621
-20.65758
-20.65495
-20.65033
-20.6487
-20.65207
-20.65944
-20.64781
-20.65219
-20.65956
-20.64993
-20.6513
-20.67467
-20.66105
-20.65742
-20.66379
-20.66216
-20.65953
-20.64591
-20.66828
-20.67565
-20.66502
-20.68339
-20.68577
-20.67414
-20.67951
-20.67888
-20.67825
-20.67563
-20.681
-20.68537
-20.67074
-20.67411
-20.67549
-20.67386
-20.67823
-20.6786
-20.69797
-20.68635
-20.68472
-20.69309
-20.71146
-20.69583
-20.69821
-20.71058
-20.71695
-20.72632
-20.70869
-20.71707
-20.71944
-20.72081
-20.72918
-20.73855
-20.73493
-20.7313
-20.75767
-20.76704
-20.75741
-20.74179
-20.75016
-20.76853
-20.7479
-20.75727
-20.77065
-20.76402
-20.75639
-20.77176
-20.78214
-20.77751
-20.77688
-20.79225
-20.78662
-20.797
-20.79937
-20.80874
-20.79811
-20.81548
-20.82686
-20.83023
-20.8266
-20.82197
-20.83934
-20.83872
-20.84009
-20.84946
-20.83183
-20.8382
-20.83958
-20.85695
-20.86132
-20.84769
-20.85406
-20.86044
-20.85481
-20.84618
-20.85555
-20.85192
-20.8503
-20.84767
-20.85504
-20.85241
-20.85178
-20.83616
-20.84653
-20.8519
-20.84627
-20.85764
-20.86002
-20.84639
-20.83376
-20.86513
-20.8484
-20.83188
-20.84225
-20.83662
-20.82599
-20.81236
-20.82074
-20.83211
-20.82348
-20.81885
-20.80922
-20.8116
-20.80697
-20.79134
-20.81071
-20.80108
-20.80546
-20.80483
-20.8122
-20.80757
-20.79394
-20.81732
-20.80169
-20.78906
-20.81643
-20.8078
-20.80418
-20.79355
-20.79392
-20.80029
-20.79366
-20.78704
-20.78141
-20.79078
-20.77615
-20.77453
-20.7779
-20.78127
-20.76264
-20.77301
-20.77739
-20.76876
-20.77813
-20.7785
-20.76987
-20.76025
-20.75862
-20.75899
-20.77136
-20.75473
-20.75411
-20.75348
-20.74185
-20.72422
-20.73659
-20.74897
-20.74034
-20.72071
-20.75608
-20.74445
-20.72283
-20.7082
-20.71357
-20.71694
-20.70931
-20.70969
-20.70406
-20.71143
-20.7018
-20.69817
-20.70455
-20.69292
-20.68829
-20.68866
-20.69203
-20.68041
-20.67978
-20.71015
-20.70152
-20.68189
-20.67127
-20.66664
-20.64601
-20.64138
-20.64975
-20.64813
-20.6525
-20.64387
-20.65024
-20.66161
-20.64799
-20.64236
-20.64073
-20.6411
-20.63847
-20.64885
-20.64822
-20.65059
-20.63896
-20.64733
-20.64271
-20.64108
-20.63445
-20.63582
-20.64119
-20.62057
-20.61594
-20.63631
-20.62268
-20.61605
-20.62843
-20.6188
-20.61317
-20.61254
-20.61391
-20.61329
-20.62666
-20.60203
-20.6184
-20.61178
-20.61315
-20.58852
-20.58789
-20.59626
-20.59064
-20.59301
-20.59438
-20.59575
-20.58712
-20.5745
-20.59187
-20.59224
-20.58461
-20.57898
-20.59336
-20.59273
-20.5881
-20.59647
-20.60984
-20.62322
-20.60959
-20.61396
-20.62333
-20.6087
-20.60608
-20.61845
-20.62482
-20.60819
-20.61256
-20.62394
-20.61131
-20.60268
-20.60705
-20.62742
-20.6058
-20.59117
-20.61254
-20.61991
-20.62628
-20.61866
-20.63003
-20.6304
-20.62377
-20.63114
-20.64052
-20.63189
-20.63126
-20.63763
-20.641
-20.64038
-20.63875
-20.63212
-20.64049
-20.63486
-20.63524
-20.64861
-20.63498
-20.63825
-20.65072
-20.6511
-20.65747
-20.66084
-20.66821
-20.66858
-20.66096
-20.68433
-20.6957
-20.68307
-20.65344
-20.67682
-20.67819
-20.67956
-20.66493
-20.6843
-20.68168
-20.66505
-20.65342
-20.65779
-20.66816
-20.66154
-20.68291
-20.67828
-20.68565
-20.67303
-20.6764
-20.68777
-20.69014
-20.68351
-20.71589
-20.72426
-20.71363
-20.714
-20.72037
-20.71975
-20.70712
-20.71249
-20.72886
-20.72223
-20.71861
-20.72698
-20.74035
-20.75172
-20.73909
-20.74147
-20.76084
-20.76021
-20.75458
-20.76495
-20.78733
-20.7747
-20.78607
-20.79244
-20.79481
-20.79519
-20.81846
-20.82993
-20.8253
-20.82567
-20.82505
-20.83342
-20.83979
-20.84216
-20.85453
-20.86291
-20.84528
-20.86465
-20.88902
-20.88839
-20.87977
-20.89914
-20.89851
-20.89688
-20.90725
-20.93363
-20.921
-20.93937
-20.93974
-20.95111
-20.96649
-20.96296
-20.96523
-20.9866
-20.99497
-20.99835
-20.98872
-20.99509
-20.99246
-21.01383
-21.01121
-20.99558
-21.01095
-21.01232
-21.01369
-21.00817
-21.02944
-21.03881
-21.02718
-21.03055
-21.05293
-21.0643
-21.04567
-21.04904
-21.05042
-21.04979
-21.05616
-21.05853
-21.0639
-21.06028
-21.05565
-21.05802
-21.07439
-21.07876
-21.07514
-21.07351
-21.08288
-21.06725
-21.07762
-21.094
-21.08337
-21.06674
-21.07611
-21.08448
-21.08186
-21.08223
-21.0826
-21.07097
-21.06834
-21.06772
-21.08309
-21.06746
-21.05283
-21.0552
-21.07458
-21.06795
-21.06432
-21.07469
-21.07906
-21.06644
-21.06781
-21.08018
-21.07955
-21.06892
-21.0783
-21.08667
-21.07704
-21.07241
-21.07378
-21.07816
-21.05853
-21.0569
-21.07127
-21.07764
-21.06102
-21.06539
-21.06976
-21.06513
-21.0525
-21.07088
-21.07925
-21.06262
-21.05299
-21.05236
-21.05074
-21.05311
-21.03848
-21.05485
-21.04522
-21.0506
-21.04197
-21.05234
-21.04171
-21.03908
-21.04846
-21.03883
-21.0382
-21.03757
-21.05094
-21.05232
-21.03859
-21.05906
-21.06243
-21.0658
-21.05218
-21.06455
-21.05892
-21.05129
-21.04967
-21.07004
-21.07341
-21.06878
-21.06715
-21.06853
-21.0639
-21.06427
-21.08564
-21.07501
-21.06239
-21.06776
-21.08013
-21.0835
-21.08587
-21.09425
-21.09162
-21.09399
-21.11036
-21.10873
-21.11011
-21.10948
-21.09985
-21.10322
-21.09659
-21.10997
-21.12634
-21.12371
-21.12308
-21.12445
-21.12983
-21.1122
-21.12057
-21.12294
-21.12231
-21.11769
-21.11306
-21.12543
-21.1238
-21.12417
-21.13455
-21.13492
-21.12429
-21.11666
-21.12903
-21.12541
-21.12978
-21.11815
-21.13152
-21.13389
-21.11927
-21.12364
-21.10801
-21.10838
-21.09675
-21.09213
-21.0745
-21.06587
-21.07124
-21.06261
-21.06499
-21.07736
-21.08073
-21.0671
-21.06447
-21.06985
-21.07622
-21.06259
-21.06496
-21.08233
-21.07171
-21.06608
-21.06745
-21.07382
-21.07219
-21.06157
-21.07694
-21.06131
-21.05768
-21.07115
-21.07943
-21.0778
-21.07317
-21.07654
-21.07392
-21.07329
-21.07466
-21.08703
-21.0874
-21.07878
-21.08815
-21.09552
-21.07479
-21.08926
-21.09064
-21.10101
-21.09338
-21.11075
-21.11412
-21.1185
-21.11587
-21.11824
-21.12161
-21.11298
-21.10736
-21.12473
-21.1291
-21.11247
-21.11984
-21.11322
-21.11259
-21.11696
-21.12833
-21.1397
-21.12808
-21.13545
-21.13282
-21.12919
-21.12556
-21.12694
-21.14631
-21.12568
-21.12605
-21.13642
-21.1398
-21.13617
-21.12554
-21.13991
-21.13228
-21.12666
-21.11903
-21.1344
-21.13277
-21.12414
-21.12952
-21.13589
-21.12826
-21.13263
-21.155
-21.14138
-21.14375
-21.14312
-21.13849
-21.13886
-21.15224
-21.16061
-21.17098
-21.16935
-21.17672
-21.1781
-21.17447
-21.18184
-21.18921
-21.19558
-21.19396
-21.21133
-21.2107
-21.21707
-21.21144
-21.23182
-21.22219
-21.22756
-21.22193
-21.25031
-21.22168
-21.23705
-21.25342
-21.26379
-21.24317
-21.27254
-21.26291
-21.26828
-21.26665
-21.27703
-21.2684
-21.26777
-21.27514
-21.29151
-21.28799
-21.28926
-21.29553
-21.306
-21.28137
-21.30975
-21.31712
-21.31149
-21.30286
-21.31523
-21.30861
-21.29598
-21.29935
-21.31172
-21.30109
-21.30547
-21.31584
-21.32221
-21.30558
-21.31095
-21.31933
-21.3137
-21.32607
-21.33544
-21.33081
-21.32619
-21.34156
-21.33693
-21.3463
-21.34667
-21.35105
-21.35442
-21.33579
-21.35316
-21.36153
-21.35991
-21.37228
-21.37765
-21.36902
-21.37739
-21.37077
-21.37014
-21.37251
-21.36088
-21.37025
-21.36763
-21.36
-21.37337
-21.38374
-21.37111
-21.38149
-21.38686
-21.36823
-21.3766
-21.39397
-21.38435
-21.37472
-21.38109
-21.39046
-21.38783
-21.38421
-21.38258
-21.38795
-21.38932
-21.39369
-21.41007
-21.40544
-21.39681
-21.42718
-21.41556
-21.40593
-21.4163
-21.43367
-21.42404
-21.42142
-21.42879
-21.42916
-21.42653
-21.4169
-21.43528
-21.40965
-21.41802
-21.42739
-21.43276
-21.44214
-21.44651
-21.46088
-21.43525
-21.44362
-21.446
-21.46537
-21.46174
-21.46211
-21.46948
-21.46286
-21.46423
-21.4706
-21.47497
-21.46434
-21.46272
-21.47209
-21.47846
-21.47283
-21.4662
-21.49158
-21.47695
-21.48432
-21.50369
-21.49206
-21.48744
-21.50681
-21.50618
-21.49555
-21.48492
-21.5143
-21.50967
-21.49804
-21.51541
-21.52978
-21.52516
-21.52253
-21.5359
-21.52227
-21.52164
-21.52502
-21.52739
-21.52176
-21.51913
-21.5255
-21.54788
-21.53325
-21.52362
-21.53199
-21.53136
-21.52174
-21.53611
-21.54048
-21.53985
-21.54622
-21.5476
-21.54397
-21.53634
-21.54971
-21.55008
-21.54346
-21.55483
-21.5572
-21.57257
-21.55795
-21.57632
-21.57869
-21.57306
-21.57943
-21.58681
-21.57518
-21.56255
-21.58692
-21.58929
-21.61067
-21.58104
-21.59841
-21.60578
-21.59815
-21.61153
-21.6299
-21.60727
-21.60564
-21.62701
-21.62739
-21.61876
-21.60813
-21.6185
-21.61187
-21.61025
-21.62262
-21.62499
-21.60136
-21.60873
-21.62411
-21.60848
-21.60185
-21.61822
-21.61459
-21.60297
-21.60034
-21.61471
-21.60008
-21.59445
-21.60883
-21.6072
-21.58857
-21.58694
-21.60231
-21.59169
-21.58206
-21.59343
-21.5938
-21.59217
-21.58955
-21.60092
-21.59329
-21.58556
-21.57603
-21.58441
-21.56778
-21.58115
-21.57052
-21.57489
-21.57627
-21.57864
-21.57801
-21.55938
-21.56775
-21.58113
-21.5715
-21.54887
-21.57024
-21.56961
-21.53899
-21.55436
-21.57073
-21.5561
-21.54147
-21.55685
-21.55522
-21.54159
-21.54096
-21.54633
-21.54971
-21.53008
-21.53045
-21.54682
-21.5282
-21.53157
-21.53894
-21.54031
-21.52468
-21.51806
-21.53943
-21.5378
-21.51317
-21.53154
-21.53892
-21.53229
-21.51766
-21.53603
-21.5304
-21.52878
-21.52515
-21.54652
-21.52089
-21.53626
-21.54264
-21.53101
-21.52638
-21.52875
-21.52912
-21.5305
-21.52687
-21.53724
-21.53161
-21.51998
-21.54136
-21.53073
-21.5161
-21.53747
-21.53984
-21.52522
-21.54259
-21.54196
-21.54133
-21.5287
-21.54008
-21.53345
-21.54382
-21.55419
-21.55456
-21.57694
-21.55931
-21.56468
-21.58205
-21.57342
-21.5658
-21.59017
-21.58754
-21.58291
-21.59528
-21.58866
-21.59703
-21.5964
-21.59477
-21.59814
-21.60352
-21.59789
-21.61526
-21.60963
-21.604
-21.61338
-21.61375
-21.59712
-21.61449
-21.62886
-21.62824
-21.61161
-21.62198
-21.62735
-21.62372
-21.6231
-21.63147
-21.64884
-21.64621
-21.63558
-21.64596
-21.65833
-21.6337
-21.65107
-21.65245
-21.63282
-21.63319
-21.66356
-21.64593
-21.64731
-21.65868
-21.67105
-21.66042
-21.66779
-21.67017
-21.67154
-21.64991
-21.66828
-21.67365
-21.66603
-21.6634
-21.67777
-21.67724
-21.67551
-21.68189
-21.67626
-21.66563
-21.677
-21.68737
-21.67375
-21.66812
-21.68849
-21.68986
-21.68323
-21.66861
-21.69598
-21.70535
-21.68872
-21.69609
-21.71147
-21.69684
-21.68221
-21.71258
-21.69395
-21.68833
-21.6927
-21.70207
-21.70244
-21.70281
-21.71419
-21.69256
-21.69293
-21.6963
-21.69767
-21.69405
-21.70042
-21.71079
-21.69816
-21.69453
-21.71091
-21.70728
-21.69265
-21.69902
-21.70839
-21.69877
-21.69514
-21.69551
-21.69788
-21.70225
-21.69463
-21.695
-21.70437
-21.70874
-21.70611
-21.70949
-21.69486
-21.69423
-21.7056
-21.68797
-21.68135
-21.69472
-21.69209
-21.68846
-21.67684
-21.68521
-21.67158
-21.67995
-21.68032
-21.6797
-21.67407
-21.66544
-21.67781
-21.66818
-21.67756
-21.68493
-21.6853
-21.67967
-21.67704
-21.69142
-21.67379
-21.67016
-21.69053
-21.6919
-21.68528
-21.69665
-21.69902
-21.67839
-21.68576
-21.68914
-21.67251
-21.67488
-21.69025
-21.68962
-21.694
-21.69237
-21.70774
-21.69211
-21.68648
-21.70486
-21.69123
-21.6836
-21.68297
-21.69034
-21.68272
-21.67109
-21.67646
-21.65883
-21.6542
-21.66558
-21.65995
-21.64732
-21.65969
-21.65506
-21.65044
-21.65681
-21.66418
-21.65355
-21.64692
-21.6543
-21.65067
-21.65404
-21.64441
-21.64378
-21.64326
-21.63953
-21.6479
-21.64527
-21.62264
-21.62502
-21.65239
-21.64576
-21.63613
-21.6555
-21.64488
-21.63225
-21.63062
-21.63799
-21.62536
-21.61374
-21.62211
-21.61448
-21.60285
-21.62522
-21.6096
-21.60297
-21.61334
-21.62071
-21.62609
-21.61846
-21.62183
-21.6282
-21.62257
-21.62295
-21.64532
-21.62469
-21.63406
-21.63543
-21.63681
-21.63718
-21.64155
-21.64092
-21.64029
-21.62467
-21.63904
-21.64741
-21.63878
-21.65615
-21.65753
-21.6449
-21.65327
-21.66764
-21.65901
-21.65739
-21.66276
-21.67313
-21.6695
-21.66787
-21.69525
-21.67662
-21.66499
-21.69236
-21.69573
-21.68911
-21.69648
-21.70985
-21.69522
-21.69459
-21.71097
-21.72434
-21.72271
-21.73608
-21.75145
-21.73483
-21.7492
-21.76657
-21.77094
-21.76931
-21.78569
-21.78506
-21.77943
-21.7938
-21.80617
-21.80355
-21.81292
-21.82229
-21.81066
-21.81503
-21.83151
-21.84178
-21.82615
-21.83352
-21.85389
-21.85627
-21.85064
-21.86601
-21.86238
-21.85775
-21.88613
-21.8855
-21.88287
-21.89424
-21.90761
-21.90399
-21.91636
-21.93773
-21.9361
-21.92347
-21.93485
-21.94822
-21.95459
-21.95096
-21.96834
-21.97771
-21.97608
-21.98545
-21.98382
-21.9912
-21.99457
-22.00294
-21.98531
-21.99868
-22.00006
-22.00843
-22.0048
-22.00417
-22.01054
-22.01492
-21.99329
-22.00666
-22.00603
-22.0004
-22.00378
-22.00215
-21.98452
-22.00989
-21.99926
-22.01464
-22.01001
-22.01538
-22.01575
-22.01112
-22.0115
-22.02487
-22.00724
-22.00161
-22.00898
-22.00936
-22.01473
-22.0121
-22.02247
-22.00884
-22.01522
-22.01659
-22.01796
-22.00533
-22.0287
-22.02508
-22.00145
-22.01382
-22.03119
-22.02056
-22.00894
-22.02531
-22.02068
-22.02605
-22.01642
-22.0288
-22.01317
-22.01654
-22.01791
-22.01928
-22.01966
-22.01303
-22.0214
-22.01277
-22.00614
-22.01652
-22.00789
-22.00026
-22.02463
-22.012
-21.98838
-22.00175
-22.01512
-21.98349
-21.99586
-22.02424
-22.00961
-22.00898
-22.00935
-22.00573
-22.0061
-22.00347
-21.99184
-21.98121
-21.98659
-21.99896
-21.99233
-21.9867
-22.00707
-21.99645
-21.99282
-21.99219
-22.00556
-21.99193
-21.98331
-21.99768
-21.99705
-21.99142
-21.98479
-21.98417
-21.99154
-21.97991
-21.99818
-21.99265
-21.98303
-21.9904
-22.00277
-21.98114
-21.98851
-22.00789
-22.00326
-22.00463
-22.008
-22.01737
-21.98975
-21.98312
-21.99649
-21.99686
-21.99723
-21.99861
-21.98998
-21.99535
-21.99472
-22.01309
-22.00247
-22.00284
-22.00521
-22.01258
-21.98995
-22.00133
-22.0077
-21.99407
-21.99344
-22.00681
-21.99419
-21.99656
-22.01593
-22.0153
-22.01267
-22.01205
-22.01942
-22.02179
-22.00516
-22.01853
-22.00791
-21.99228
-22.00565
-22.00902
-21.99939
-22.00177
-22.00314
-22.00551
-21.99388
-22.01025
-21.99663
-21.994
-21.99037
-21.99174
-21.97511
-21.97149
-21.99786
-21.97323
-21.9766
-21.97998
-21.98135
-21.96372
-21.99309
-21.98146
-21.97684
-21.96821
-21.97558
-21.95695
-21.96232
-21.9637
-21.96507
-21.95644
-21.96481
-21.96318
-21.95056
-21.96393
-21.9673
-21.96167
-21.97004
-21.97442
-21.96479
-21.96006
-21.97253
-21.9659
-21.94628
-21.96865
-21.96902
-21.95239
-21.95876
-21.96014
-21.96351
-21.94488
-21.96525
-21.95162
-21.949
-21.95537
-21.95974
-21.95211
-21.94548
-21.96886
-21.95123
-21.9466
-21.95397
-21.95734
-21.95072
-21.96009
-21.95846
-21.96783
-21.9727
-21.97758
-21.96595
-21.94932
-21.98169
-21.97406
-21.97644
-21.98581
-21.98618
-21.99255
-21.97792
-22.0103
-21.99667
-21.97504
-21.98941
-21.99678
-21.98116
-21.99453
-22.0059
-22.00727
-22.00664
-22.01102
-22.01139
-22.00476
-22.01313
-22.0105
-22.00988
-22.00625
-22.00862
-22.01099
-22.00537
-22.02374
-22.01711
-22.01348
-22.02085
-22.01723
-22.0136
-22.00497
-22.01934
-22.01471
-22.01309
-22.01746
-22.01983
-22.0162
-22.02057
-22.01895
-21.99832
-22.00769
-22.00706
-22.01943
-22.00681
-22.01918
-22.00955
-21.99492
-22.01229
-22.00467
-22.00904
-22.01041
-22.02078
-22.00715
-22.00953
-22.0139
-22.00727
-22.02064
-22.02001
-22.01139
-21.99276
-22.01113
-22.0065
-22.00187
-22.00825
-22.01462
-22.00399
-21.99636
-22.00373
-22.01221
-21.99548
-22.00485
-21.99922
-21.99359
-21.97697
-21.98134
-21.97571
-21.95808
-21.97045
-21.96483
-21.9472
-21.96357
-21.95594
-21.94531
-21.94769
-21.94906
-21.95843
-21.9498
-21.95117
-21.95155
-21.93892
-21.93429
-21.94766
-21.93003
-21.92041
-21.93378
-21.92115
-21.90952
-21.91289
-21.90827
-21.90864
-21.90701
-21.91638
-21.89675
-21.90513
-21.9125
-21.92287
-21.90224
-21.91962
-21.91399
-21.90536
-21.92273
-21.9271
-21.89348
-21.92085
-21.91322
-21.89259
-21.88696
-21.89734
-21.90061
-21.89808
-21.90245
-21.89682
-21.8962
-21.88957
-21.89484
-21.86731
-21.87368
-21.89806
-21.87443
-21.8778
-21.89617
-21.89154
-21.88892
-21.90529
-21.88866
-21.88703
-21.8984
-21.89178
-21.88415
-21.87652
-21.88289
-21.87726
-21.87264
-21.87801
-21.86638
-21.86975
-21.87612
-21.8595
-21.87487
-21.87724
-21.85861
-21.85898
-21.85636
-21.85673
-21.8521
-21.87147
-21.87384
-21.86422
-21.87159
-21.86696
-21.85333
-21.8647
-21.85508
-21.84445
-21.84382
-21.85519
-21.85756
-21.85294
-21.85581
-21.85868
-21.85605
-21.87342
-21.8608
-21.85317
-21.86154
-21.85591
-21.84528
-21.85566
-21.84703
-21.8464
-21.83177
-21.84314
-21.84152
-21.83689
-21.83826
-21.83363
-21.82
-21.83738
-21.84975
-21.82712
-21.85049
-21.85887
-21.84824
-21.85061
-21.86998
-21.86435
-21.83873
-21.8721
-21.87747
-21.86384
-21.87321
-21.86159
-21.85896
-21.86833
-21.8547
-21.86407
-21.87055
-21.86082
-21.85519
-21.84756
-21.86193
-21.85231
-21.85668
-21.87705
-21.85242
-21.85479
-21.86517
-21.85754
-21.86791
-21.87128
-21.86665
-21.87103
-21.8494
-21.85077
-21.83714
-21.83951
-21.85089
-21.84326
-21.83563
-21.846
-21.84337
-21.82975
-21.83612
-21.84349
-21.83586
-21.83823
-21.85261
-21.84898
-21.84135
-21.86072
-21.84609
-21.84347
-21.86384
-21.85021
-21.83158
-21.84395
-21.84633
-21.8397
-21.85707
-21.86344
-21.84781
-21.84119
-21.85956
-21.85793
-21.8513
-21.86067
-21.84805
-21.84342
-21.84879
-21.85516
-21.85853
-21.85891
-21.87228
-21.86765
-21.84602
-21.86039
-21.84977
-21.85114
-21.86451
-21.86488
-21.85726
-21.88463
-21.871
-21.85637
-21.86474
-21.86312
-21.86349
-21.86086
-21.86523
-21.8516
-21.83798
-21.85435
-21.84372
-21.84609
-21.86546
-21.84384
-21.83721
-21.85358
-21.84785
-21.84532
-21.8507
-21.85707
-21.85144
-21.84181
-21.86518
-21.86456
-21.83393
-21.8303
-21.83867
-21.83604
-21.82942
-21.84279
-21.83516
-21.81953
-21.8349
-21.83828
-21.82965
-21.84202
-21.83139
-21.83276
-21.82814
-21.83861
-21.82188
-21.82225
-21.83362
-21.822
-21.82137
-21.80874
-21.81611
-21.81148
-21.81986
-21.82623
-21.8086
-21.83097
-21.82634
-21.81472
-21.80009
-21.81246
-21.80583
-21.8052
-21.80958
-21.80395
-21.79232
-21.79769
-21.79606
-21.79244
-21.80281
-21.81318
-21.80355
-21.79292
-21.8273
-21.81067
-21.79904
-21.81541
-21.79778
-21.80116
-21.80253
-21.8219
-21.80927
-21.80464
-21.81302
-21.79539
-21.78976
-21.80813
-21.80151
-21.79388
-21.81125
-21.81562
-21.79699
-21.80137
-21.81674
-21.81011
-21.81048
-21.82185
-21.82123
-21.8076
-21.83397
-21.82734
-21.81871
-21.83409
-21.82846
-21.81483
-21.8182
-21.81757
-21.80495
-21.82832
-21.84169
-21.83106
-21.83943
-21.83681
-21.83818
-21.84455
-21.86192
-21.83729
-21.83767
-21.83704
-21.86341
-21.85578
-21.86015
-21.87753
-21.8759
-21.87727
-21.89864
-21.89301
-21.88739
-21.89876
-21.88413
-21.8945
-21.90687
-21.89625
-21.89962
-21.91199
-21.91646
-21.90483
-21.92211
-21.93148
-21.92995
-21.93322
-21.95759
-21.94097
-21.95434
-21.95671
-21.95408
-21.94245
-21.96983
-21.9582
-21.96357
-21.96294
-21.96931
-21.95869
-21.97106
-21.97543
-21.9818
-21.96917
-21.98455
-21.97092
-21.97529
-21.98766
-21.99603
-21.98041
-21.97778
-21.99515
-21.99152
-21.98189
-22.00927
-21.98964
-21.98501
-22.01138
-22.01576
-22.01213
-22.0115
-22.00787
-22.00324
-22.00262
-22.02199
-22.01336
-22.01373
-22.0241
-22.02548
-22.02285
-22.03122
-22.04459
-22.03396
-22.03234
-22.05071
-22.03808
-22.05145
-22.05782
-22.0512
-22.05057
-22.06294
-22.07231
-22.05668
-22.06506
-22.07443
-22.0778
-22.08917
-22.09754
-22.07592
-22.09429
-22.10266
-22.07703
-22.0904
-22.09128
-22.09215
-22.09252
-22.09889
-22.09926
-22.09964
-22.10501
-22.12938
-22.11575
-22.11812
-22.1125
-22.11987
-22.12424
-22.13161
-22.13398
-22.14336
-22.14073
-22.1321
-22.13647
-22.14684
-22.13322
-22.13059
-22.16296
-22.16033
-22.1557
-22.15208
-22.16145
-22.15182
-22.14719
-22.16056
-22.15894
-22.14231
-22.15268
-22.16105
-22.15042
-22.1618
-22.17017
-22.15954
-22.16391
-22.18628
-22.16566
-22.15703
-22.1654
-22.15277
-22.15215
-22.16852
-22.16189
-22.16426
-22.16163
-22.16401
-22.14838
-22.17375
-22.16712
-22.14149
-22.13687
-22.15624
-22.14661
-22.13298
-22.13635
-22.14873
-22.1301
-22.13447
-22.14484
-22.15021
-22.13759
-22.14796
-22.13133
-22.1347
-22.13707
-22.12445
-22.11882
-22.11919
-22.13056
-22.13693
-22.12931
-22.13868
-22.12405
-22.11942
-22.13479
-22.14117
-22.11654
-22.12891
-22.13028
-22.12965
-22.12503
-22.1364
-22.13477
-22.13214
-22.13351
-22.14389
-22.15226
-22.15663
-22.169
-22.15737
-22.14475
-22.15212
-22.16449
-22.16086
-22.17523
-22.18261
-22.17798
-22.17835
-22.19972
-22.18609
-22.18347
-22.18584
-22.20021
-22.18858
-22.20385
-22.21033
-22.1998
-22.20707
-22.19994
-22.19281
-22.20919
-22.20356
-22.19193
-22.1973
-22.20767
-22.21305
-22.19342
-22.21079
-22.21616
-22.19953
-22.21291
-22.21928
-22.22965
-22.21902
-22.2204
-22.22577
-22.22514
-22.23451
-22.23188
-22.22426
-22.24063
-22.249
-22.23037
-22.24674
-22.25312
-22.24349
-22.24286
-22.24723
-22.2436
-22.24198
-22.25135
-22.23972
-22.25009
-22.24946
-22.24384
-22.24921
-22.26248
-22.25495
-22.24632
-22.2437
-22.26007
-22.25644
-22.24781
-22.25118
-22.25356
-22.25293
-22.2593
-22.25367
-22.24004
-22.23742
-22.24379
-22.23816
-22.23153
-22.2499
-22.22028
-22.22565
-22.23502
-22.21539
-22.21276
-22.22314
-22.22651
-22.21688
-22.23825
-22.22562
-22.224
-22.22837
-22.21874
-22.22211
-22.23048
-22.22586
-22.20923
-22.2276
-22.22997
-22.21734
-22.22472
-22.22809
-22.22246
-22.22983
-22.2272
-22.21258
-22.22595
-22.22632
-22.20569
-22.22606
-22.22444
-22.22381
-22.22918
-22.23955
-22.22492
-22.2243
-22.23667
-22.23404
-22.23141
-22.22879
-22.23716
-22.23653
-22.2449
-22.25227
-22.25665
-22.25302
-22.26939
-22.25976
-22.25713
-22.27051
-22.26388
-22.26425
-22.27862
-22.27099
-22.26037
-22.27674
-22.26311
-22.26848
-22.27485
-22.27023
-22.2666
-22.25597
-22.24934
-22.24171
-22.25409
-22.26346
-22.24483
-22.2502
-22.25157
-22.24395
-22.24932
-22.26869
-22.27506
-22.26243
-22.27381
-22.27718
-22.28355
-22.29192
-22.28629
-22.29367
-22.30304
-22.30541
-22.29678
-22.30715
-22.30353
-22.3079
-22.31127
-22.30864
-22.31201
-22.31239
-22.31376
-22.31913
-22.3235
-22.31987
-22.30825
-22.31362
-22.31199
-22.31036
-22.31673
-22.32111
-22.32148
-22.32485
-22.33422
-22.32359
-22.32797
-22.33034
-22.32571
-22.34108
-22.33245
-22.33283
-22.3372
-22.34157
-22.33094
-22.32731
-22.34069
-22.33106
-22.34443
-22.3598
-22.35617
-22.35155
-22.35992
-22.34529
-22.34266
-22.34904
-22.35441
-22.34878
-22.36115
-22.34552
-22.3579
-22.35327
-22.35364
-22.34401
-22.34438
-22.33576
-22.34113
-22.3425
-22.35087
-22.32724
-22.34662
-22.32999
-22.32336
-22.32573
-22.3321
-22.31948
-22.32185
-22.34022
-22.32759
-22.32996
-22.34934
-22.33861
-22.34108
-22.34845
-22.34982
-22.3382
-22.35157
-22.35194
-22.35831
-22.36668
-22.35206
-22.35943
-22.3608
-22.36117
-22.36754
-22.38192
-22.36929
-22.37466
-22.38803
-22.3794
-22.36378
-22.37415
-22.38952
-22.37689
-22.38626
-22.40664
-22.39501
-22.39238
-22.40775
-22.40712
-22.4025
-22.40887
-22.40924
-22.39961
-22.40588
-22.40736
-22.40563
-22.4171
-22.41247
-22.41584
-22.42822
-22.42259
-22.42386
-22.42633
-22.4327
-22.41008
-22.41645
-22.41982
-22.40719
-22.42856
-22.43294
-22.42331
-22.43968
-22.43605
-22.43642
-22.4378
-22.44317
-22.43254
-22.44991
-22.44429
-22.44766
-22.45803
-22.4564
-22.45577
-22.47315
-22.45952
-22.46179
-22.48326
-22.47663
-22.46401
-22.48338
-22.47975
-22.47912
-22.48649
-22.48487
-22.47024
-22.49561
-22.49208
-22.49235
-22.48373
-22.4911
-22.49347
-22.49784
-22.48221
-22.47959
-22.48396
-22.48333
-22.4697
-22.48607
-22.48545
-22.48382
-22.48719
-22.49756
-22.47193
-22.48631
-22.48068
-22.48005
-22.48142
-22.48779
-22.46717
-22.48554
-22.47091
-22.46828
-22.47565
-22.47103
-22.4664
-22.47077
-22.47614
-22.46451
-22.46389
-22.47526
-22.45563
-22.463
-22.46837
-22.45475
-22.45312
-22.46049
-22.45386
-22.43123
-22.45561
-22.45198
-22.45435
-22.44472
-22.44509
-22.45347
-22.44584
-22.44321
-22.43158
-22.43895
-22.43433
-22.4237
-22.44007
-22.42444
-22.43281
-22.45519
-22.45056
-22.44493
-22.4503
-22.45168
-22.45105
-22.46442
-22.45879
-22.46316
-22.47654
-22.46791
-22.47528
-22.47265
-22.46102
-22.4664
-22.47977
-22.48014
-22.47451
-22.50088
-22.49526
-22.49563
-22.506
-22.50637
-22.49274
-22.50512
-22.50649
-22.50186
-22.50123
-22.4966
-22.48498
-22.48735
-22.48072
-22.48809
-22.48646
-22.48384
-22.47711
-22.49058
-22.49195
-22.47532
-22.4797
-22.49107
-22.48944
-22.49681
-22.48518
-22.47156
-22.48093
-22.4773
-22.47167
-22.47704
-22.49242
-22.47879
-22.49916
-22.49853
-22.4909
-22.50328
-22.51465
-22.50502
-22.50739
-22.51576
-22.51214
-22.50751
-22.52488
-22.49725
-22.50562
-22.526
-22.51537
-22.51974
-22.54011
-22.52948
-22.52286
-22.52323
-22.5276
-22.52197
-22.51734
-22.52872
-22.53409
-22.53246
-22.51983
-22.5262
-22.54158
-22.53795
-22.52732
-22.53169
-22.52706
-22.51744
-22.53581
-22.52318
-22.50455
-22.52193
-22.5083
-22.50167
-22.50204
-22.50841
-22.49679
-22.50816
-22.50753
-22.5079
-22.49737
-22.49165
-22.48312
-22.49439
-22.47076
-22.47903
-22.48351
-22.47488
-22.46725
-22.47662
-22.46999
-22.47337
-22.47574
-22.46401
-22.47048
-22.47785
-22.45223
-22.4616
-22.46497
-22.43734
-22.45671
-22.45609
-22.44446
-22.45483
-22.4642
-22.44057
-22.44595
-22.45332
-22.43769
-22.43406
-22.42843
-22.42281
-22.41618
-22.42155
-22.39792
-22.40929
-22.40867
-22.39604
-22.40241
-22.40878
-22.39515
-22.40653
-22.3999
-22.39327
-22.39364
-22.40001
-22.38539
-22.38776
-22.39113
-22.3805
-22.37687
-22.37725
-22.37762
-22.37899
-22.38336
-22.37673
-22.39111
-22.39648
-22.38285
-22.39122
-22.40559
-22.37297
-22.38134
-22.37871
-22.37408
-22.38445
-22.38783
-22.3822
-22.38257
-22.39494
-22.37231
-22.37669
-22.37606
-22.37143
-22.3668
-22.37418
-22.35455
-22.35492
-22.36729
-22.34466
-22.34404
-22.34741
-22.33578
-22.34715
-22.34152
-22.3349
-22.32727
-22.35264
-22.33001
-22.35538
-22.33976
-22.33413
-22.3405
-22.34587
-22.34124
-22.34362
-22.34799
-22.33236
-22.33973
-22.3381
-22.33648
-22.33685
-22.32422
-22.31159
-22.32296
-22.31034
-22.29871
-22.31808
-22.30445
-22.27882
-22.2902
-22.28857
-22.27794
-22.28431
-22.28268
-22.27206
-22.26743
-22.2488
-22.22917
-22.24754
-22.24292
-22.23529
-22.23566
-22.23003
-22.2344
-22.23878
-22.22415
-22.20852
-22.21189
-22.20726
-22.19564
-22.19501
-22.20138
-22.19575
-22.20212
-22.2005
-22.17387
-22.18924
-22.16761
-22.16398
-22.16236
-22.16473
-22.1571
-22.15947
-22.15084
-22.14322
-22.14459
-22.13996
-22.12233
-22.1227
-22.10308
-22.08745
-22.09782
-22.09319
-22.08457
-22.08494
-22.08531
-22.07268
-22.07205
-22.06543
-22.0478
-22.06017
-22.06954
-22.04391
-22.06429
-22.04366
-22.05103
-22.0504
-22.05577
-22.03315
-22.05052
-22.04589
-22.02526
-22.03363
-22.02101
-22.01938
-22.03475
-22.03712
-22.02149
-22.03287
-22.02724
-22.00661
-22.01098
-22.01835
-22.01173
-22.0141
-22.01747
-22.01184
-22.00521
-22.01759
-21.99996
-22.00133
-21.9997
-21.99807
-21.99845
-22.00482
-21.97619
-21.99456
-21.97493
-21.96131
