 0.0001
 0.0002
 0.0390
 0.0405
 0.0414
 0.0416
 0.0417
 0.0418
 0.0419
 0.0420
 0.0431
 0.0433
 0.0015
 0.0446
 0.0448
 0.0759
 0.0762
 0.0775
 0.0777
 0.0790
 0.0792
 0.0803
 0.0807
 0.0028
 0.0818
 0.0820
 0.0832
 0.0833
 0.0834
 0.0836
 0.0848
 0.0851
 0.0862
 0.1192
 0.0031
 0.1221
 0.1223
 0.1251
 0.1595
 0.1623
 0.1638
 0.1641
 0.1667
 0.1669
 0.2400
 0.0357
 0.2428
 0.2444
 0.2446
 0.2472
 0.2474
 0.0734
 0.0746
 0.0749
 0.0764
 0.0788
 0.0359
-0.0831
-0.0864
-0.1177
-0.1195
-0.1238
-0.1580
-0.1582
-0.1608
-0.1998
-0.2028
 0.0372
-0.2357
-0.2372
-0.2385
-0.2387
-0.2398
-0.2402
-0.2413
-0.2430
-0.2459
-0.2461
 0.0374
-0.3190
-0.3205
-0.3234
-0.3249
-0.3251
-0.3264
-0.3277
-0.3279
-0.4054
-0.4082
 0.0387
-0.4844
-0.4859
-0.4887
-0.0804
-0.0806
