8.880
9.100
9.320
9.100
8.480
8.130
8.480
9.350
9.920
9.860
9.480
9.050
8.760
8.630
8.550
8.590
8.700
8.750
8.910
9.200
9.620
9.990
9.890
9.350
8.440
7.720
7.630
8.410
9.490
10.300
10.390
9.820
9.050
8.340
7.850
7.620
8.100
9.230
10.440
10.790
9.940
8.600
8.020
8.460
9.140
9.200
8.720
8.350
8.470
9.080
9.650
9.760
9.340
8.900
8.790
8.810
8.750
8.870
9.120
9.300
9.150
8.790
8.530
8.740
9.170
9.380
9.160
8.870
8.640
8.730
9.220
9.800
9.980
9.500
8.700
8.220
8.280
8.620
8.900
8.980
8.990
9.170
9.790
10.520
10.760
9.980
8.470
7.240
6.990
7.830
9.150
10.370
10.860
10.520
9.630
8.720
8.240
8.250
8.630
9.290
9.800
9.850
9.370
8.650
8.220
8.150
8.550
9.330
10.180
10.490
10.050
9.170
8.360
7.840
7.620
7.910
8.640
9.500
9.930
9.970
9.890
9.660
9.180
8.660
8.300
8.320
8.760
9.150
9.050
8.660
8.440
8.730
9.420
9.990
10.150
9.570
8.580
7.960
8.130
8.720
9.270
9.480
9.580
9.530
9.090
8.490
8.010
8.210
8.970
9.770
10.090
9.800
9.260
8.540
7.880
7.840
8.400
9.140
9.670
10.010
10.010
9.790
9.230
8.440
7.680
7.460
8.090
9.020
9.650
9.700
9.480
9.460
9.620
9.730
9.100
7.910
6.980
7.180
8.560
10.170
10.880
10.560
9.570
8.510
7.910
7.970
8.490
9.090
9.430
9.390
9.150
8.810
8.390
8.110
8.360
9.070
10.020
10.520
10.240
9.290
8.030
7.230
7.240
8.050
8.970
9.740
10.120
10.010
9.570
9.040
8.690
8.320
7.940
7.940
8.310
8.880
9.440
9.840
9.830
9.480
8.720
8.140
8.060
8.740
9.550
9.870
9.280
8.300
7.660
7.880
8.650
9.500
10.000
9.920
9.310
8.510
8.160
8.590
9.490
10.100
9.650
8.430
7.460
7.250
7.650
8.330
9.220
10.250
11.100
11.100
10.060
8.550
7.390
7.040
7.310
7.900
8.610
9.360
9.990
10.320
10.030
9.180
8.180
7.630
7.920
8.810
9.510
9.660
9.410
9.020
8.640
8.280
8.000
7.890
8.160
8.720
9.270
9.800
10.230
10.200
9.300
8.090
7.390
7.700
8.550
9.180
9.160
8.670
8.190
8.120
8.720
9.740
10.350
10.270
9.480
8.270
7.190
6.950
7.730
8.910
9.640
9.680
9.270
9.050
9.140
9.400
9.280
8.770
8.060
7.560
7.420
7.780
8.580
9.340
10.030
10.330
10.090
9.420
8.520
7.820
7.570
7.920
8.200
8.270
8.350
8.740
9.290
9.680
9.540
9.220
9.050
9.040
8.760
7.960
7.050
6.950
7.830
9.100
10.020
10.220
9.890
9.290
8.650
8.000
7.520
7.590
8.300
9.060
9.440
9.090
8.740
8.720
8.900
8.890
8.430
7.920
7.670
8.100
8.930
9.480
9.330
8.720
8.270
8.310
8.550
8.770
8.780
8.850
8.740
8.420
8.170
8.270
8.670
9.140
9.020
8.630
8.290
8.550
9.160
9.490
9.330
8.630
7.800
7.400
7.670
8.260
8.590
9.230
9.750
9.950
9.550
8.780
7.680
6.760
6.790
7.340
8.410
9.430
9.870
9.750
9.090
8.380
7.820
7.680
7.760
8.090
8.260
8.500
8.890
9.200
8.940
8.340
7.880
8.030
8.460
8.790
8.730
8.250
7.850
7.990
8.570
9.010
8.990
8.690
8.510
8.520
8.780
8.800
8.450
8.110
7.860
7.930
8.160
8.590
9.020
9.250
8.970
8.630
8.120
7.580
7.350
7.840
8.690
9.550
9.950
9.700
8.970
8.210
7.550
7.020
7.180
7.550
8.100
8.630
9.080
9.340
9.320
8.740
8.020
7.400
7.090
7.210
7.640
7.990
8.060
7.730
7.410
7.650
8.530
9.240
9.230
8.610
8.030
7.590
7.270
6.980
6.730
6.700
7.160
8.110
9.180
9.730
9.310
8.100
7.000
6.780
7.270
7.830
7.820
7.470
7.150
7.250
7.600
7.870
8.070
8.180
8.310
8.440
8.570
8.350
7.700
6.750
5.980
5.740
6.260
7.520
9.020
10.030
10.010
9.030
7.660
6.440
5.830
6.060
6.790
7.520
7.860
7.970
7.970
7.980
7.990
7.880
7.660
7.480
7.470
7.510
7.300
7.000
6.850
7.090
7.400
7.510
7.420
7.440
7.790
8.030
7.940
7.510
6.960
6.860
7.570
8.520
8.620
7.560
6.050
5.170
5.370
6.390
7.890
9.330
10.200
10.060
8.840
7.060
5.570
4.880
4.990
5.750
6.870
7.640
8.050
8.330
8.720
8.900
8.660
7.870
6.820
5.850
5.240
5.000
5.380
6.330
7.730
9.040
9.670
9.150
7.870
6.710
6.270
6.390
6.480
6.250
5.900
6.030
6.930
8.230
9.050
8.740
7.700
6.690
6.270
6.240
6.410
6.620
6.740
6.920
7.200
7.600
7.920
7.800
7.340
6.920
6.440
6.020
6.080
6.920
8.130
8.630
8.020
7.030
6.470
6.340
6.150
6.120
6.350
7.020
7.820
8.410
8.420
7.670
6.600
6.050
6.160
6.580
6.770
6.730
6.660
6.960
7.600
8.040
7.760
6.660
5.540
5.310
6.170
7.480
8.310
8.190
7.420
6.730
6.310
6.210
6.250
6.410
6.730
7.050
7.190
7.140
6.980
6.800
6.610
6.690
7.000
7.420
7.480
7.080
6.610
6.450
6.410
6.380
6.460
6.640
6.920
6.990
6.780
6.740
7.020
7.440
7.650
7.470
7.000
6.450
6.280
6.420
6.440
6.200
6.010
6.200
6.640
7.240
7.830
8.060
7.780
7.230
7.110
7.210
6.920
5.820
4.680
4.650
5.710
6.930
7.440
7.640
8.030
8.490
8.780
8.560
7.640
6.050
4.340
3.510
3.860
5.140
6.960
8.510
9.370
9.420
8.850
7.830
6.690
5.750
5.290
5.250
5.320
5.400
5.700
6.250
7.050
8.030
8.710
8.690
7.990
6.980
6.200
5.850
5.670
5.690
5.790
5.940
6.040
6.520
7.420
8.370
8.690
7.900
6.560
5.780
5.810
6.210
6.400
6.310
6.150
6.040
6.280
6.910
7.590
7.890
7.450
6.600
6.150
6.380
6.740
6.610
6.020
5.600
5.680
6.230
6.890
7.530
7.770
7.760
7.460
6.940
6.250
5.400
4.770
4.770
5.740
7.020
8.120
8.320
7.730
6.710
5.840
5.480
5.810
6.330
6.630
6.640
6.440
6.140
5.720
5.740
6.400
7.290
7.520
7.170
6.780
6.550
6.130
5.460
5.110
5.440
5.990
6.550
7.010
7.290
7.340
7.060
6.380
5.810
5.520
5.530
5.790
6.330
6.810
6.690
6.000
5.450
5.810
6.860
7.820
7.750
6.900
5.730
4.910
4.750
5.120
6.010
7.100
8.020
8.220
7.540
6.040
4.410
3.810
4.770
6.610
7.940
7.900
6.990
6.050
5.820
6.070
6.200
6.050
5.990
6.070
6.110
5.870
5.660
5.910
6.310
6.750
6.920
6.890
6.630
6.170
5.530
5.210
5.490
6.170
6.880
7.130
6.750
5.950
5.370
5.510
6.110
6.730
6.810
6.410
5.840
5.470
5.640
6.280
6.880
7.100
6.730
6.090
5.420
5.190
5.650
6.280
6.590
6.740
6.600
6.490
6.290
5.960
5.660
5.480
5.500
5.910
6.360
6.880
7.370
7.610
7.020
5.660
4.190
3.740
4.570
6.070
7.400
7.970
7.680
6.890
6.070
5.500
5.440
5.560
5.700
5.520
5.080
5.130
5.810
6.790
7.270
7.280
6.920
6.690
6.470
6.080
5.590
5.060
4.650
4.400
4.710
5.680
6.900
7.840
8.090
7.790
7.040
6.130
5.150
4.150
3.590
3.830
4.900
6.380
7.520
7.840
7.360
6.720
6.260
6.070
5.930
5.470
4.650
3.770
3.840
4.890
6.380
7.560
8.150
7.970
6.930
5.330
4.000
3.720
4.390
5.390
6.040
6.210
6.090
6.220
6.410
6.300
5.890
5.430
5.250
5.360
5.200
4.940
4.970
5.360
5.750
6.080
6.140
6.280
6.390
6.130
5.650
5.040
4.840
4.840
4.950
5.040
5.470
6.010
6.450
6.610
6.340
5.750
5.170
5.070
5.270
5.500
5.470
5.410
5.530
5.670
5.620
5.400
5.250
5.490
5.930
6.270
6.440
6.410
6.040
5.190
4.310
3.910
4.150
5.020
6.110
6.990
7.250
6.690
5.650
4.650
4.410
4.510
4.780
5.260
5.690
6.130
6.510
6.570
6.160
5.440
4.720
4.420
4.610
4.980
5.130
5.280
5.720
6.300
6.460
6.160
5.670
5.360
5.160
4.910
4.650
4.540
4.860
5.230
5.550
5.750
5.880
5.910
6.020
6.060
5.980
5.450
4.740
4.350
4.550
5.210
5.670
5.560
5.310
5.490
6.170
6.480
6.200
5.480
5.080
5.110
5.310
5.160
4.670
4.380
4.780
5.580
6.450
6.860
6.880
6.370
5.580
4.700
4.240
4.390
4.910
5.170
5.160
5.250
5.660
6.250
6.750
6.790
6.370
5.500
4.520
3.940
3.880
4.310
5.040
5.970
6.870
7.090
6.530
5.490
4.740
4.680
5.250
5.820
5.800
5.170
4.580
4.610
5.250
6.470
7.360
7.450
6.460
4.890
3.660
3.490
4.450
6.120
7.380
7.670
6.960
5.720
4.480
3.850
4.080
5.090
6.260
7.030
6.920
6.150
5.170
4.730
4.780
5.040
5.780
6.830
7.500
6.900
5.270
3.570
3.020
4.060
6.100
7.790
8.270
7.580
6.130
4.720
3.880
4.030
4.790
5.500
5.610
5.420
5.530
6.080
7.040
7.780
7.400
5.950
4.250
3.140
3.070
3.990
5.540
6.960
7.650
7.610
6.910
5.870
4.910
4.320
4.270
4.790
5.320
5.650
5.570
5.370
5.330
5.540
5.920
5.950
5.640
5.220
5.060
5.210
5.440
5.600
5.770
5.980
5.720
4.970
4.280
3.990
4.140
4.920
6.020
6.970
7.100
6.530
5.640
5.000
4.620
4.380
4.310
4.530
4.930
5.490
6.150
6.560
6.600
6.070
5.250
4.600
4.160
4.180
4.850
5.920
6.580
6.540
5.930
5.360
5.160
5.200
5.160
4.840
4.570
4.550
4.920
5.460
6.060
6.410
6.330
5.820
5.510
5.510
5.570
5.130
4.260
3.700
3.950
4.790
6.200
7.230
7.490
6.700
5.310
4.170
3.910
4.390
5.280
5.970
6.130
5.720
5.210
5.040
5.170
5.030
4.880
5.230
6.000
6.810
6.840
5.920
4.480
3.450
3.540
4.920
6.720
7.670
7.180
5.620
4.230
3.780
4.190
5.130
6.280
6.990
6.680
5.700
5.080
5.120
5.300
5.310
5.150
4.960
4.930
5.040
5.240
5.590
6.240
6.680
6.720
6.180
5.290
4.370
3.930
4.300
5.080
5.700
6.040
6.250
6.190
5.750
5.230
5.010
5.200
5.690
6.010
5.750
5.290
5.090
5.140
5.170
5.280
5.440
5.470
5.540
5.810
6.180
6.320
5.810
4.920
4.660
5.130
6.070
6.600
6.190
5.360
4.750
4.860
5.290
5.680
5.850
5.970
6.380
6.720
6.570
6.010
5.490
5.180
5.020
4.820
4.540
4.820
5.780
6.900
7.630
7.440
6.480
5.500
5.150
5.150
4.970
4.640
4.540
4.910
5.600
6.260
6.830
7.170
7.060
6.540
5.830
5.330
4.730
4.250
4.150
4.630
5.350
6.080
6.510
6.540
6.420
6.230
6.060
6.000
5.980
5.580
4.660
3.840
4.020
5.200
6.520
7.260
7.050
6.270
5.410
4.740
4.520
4.940
6.000
7.220
7.640
6.740
4.920
3.280
2.900
4.100
6.140
7.810
8.290
7.830
6.890
5.600
4.280
3.590
4.070
5.230
6.000
5.950
5.550
5.700
6.460
6.960
6.670
5.930
5.250
4.940
5.080
5.470
5.780
5.750
5.210
4.790
5.190
6.420
7.670
7.970
7.120
5.660
4.450
4.060
4.370
5.010
5.410
5.720
6.140
6.830
7.310
7.320
6.750
5.710
4.460
3.760
4.310
5.660
6.830
6.940
6.450
5.890
5.520
5.100
4.930
5.360
6.030
6.540
6.560
6.300
5.990
5.710
5.430
5.030
4.860
5.130
5.860
6.540
6.710
6.280
5.580
5.200
5.540
6.130
6.540
6.450
5.820
5.210
5.060
5.350
5.870
6.040
5.880
5.780
5.980
6.480
6.760
6.450
5.920
5.560
5.510
5.610
5.720
5.700
5.540
5.260
5.480
6.330
7.170
7.130
6.190
5.370
5.470
6.140
6.200
5.680
5.200
5.270
5.740
6.120
6.300
6.410
6.300
6.200
6.250
6.330
6.110
5.660
5.290
5.240
5.550
6.020
6.490
6.930
7.050
6.320
5.190
4.610
5.110
6.360
7.300
7.240
6.390
5.370
4.920
5.230
6.010
6.570
6.540
6.050
5.710
5.960
6.410
6.500
6.080
5.700
5.520
5.470
5.550
5.760
6.150
6.460
6.680
6.740
6.660
6.550
6.210
5.600
5.030
4.740
4.960
5.640
6.450
7.060
7.190
7.020
6.890
6.940
6.730
6.020
4.860
3.990
4.080
5.110
6.320
7.010
7.170
7.170
7.330
7.240
6.710
5.880
5.430
5.320
5.230
5.120
5.000
5.080
5.540
6.610
7.680
8.520
8.740
8.020
6.430
4.730
3.820
3.860
4.380
5.210
6.390
7.750
8.600
8.620
7.810
6.430
5.060
4.260
4.640
5.710
6.510
6.520
6.190
6.280
6.980
7.640
7.510
6.510
5.390
4.980
5.510
6.530
7.070
6.770
5.990
5.440
5.700
6.380
6.810
6.970
7.050
7.140
6.870
6.140
5.300
5.150
5.950
7.000
7.350
6.690
5.680
5.460
6.190
7.250
7.730
7.530
6.940
6.190
5.610
5.090
5.010
5.460
6.340
7.200
7.790
8.110
7.890
7.070
6.090
5.390
5.010
5.100
5.620
6.410
7.220
7.510
7.280
6.880
6.860
6.900
6.790
6.240
5.550
5.300
5.650
6.240
6.950
7.240
7.150
6.840
6.660
6.700
6.840
6.990
6.940
6.460
5.710
5.120
5.270
6.080
7.060
7.830
8.230
8.090
7.350
6.370
5.750
5.660
5.820
5.920
5.730
5.580
5.980
7.150
8.520
9.230
8.690
7.210
5.790
5.100
5.250
5.710
6.130
6.340
6.450
6.570
6.930
7.560
8.150
8.320
7.870
6.870
5.930
5.360
5.430
5.940
6.470
6.790
6.700
6.630
6.850
7.290
7.840
7.980
7.620
6.970
6.520
5.980
5.530
5.370
5.720
6.350
7.060
7.840
8.520
8.710
8.200
6.930
5.490
4.670
5.010
6.150
7.410
8.040
8.100
7.760
7.300
6.870
6.500
6.220
6.070
6.060
6.270
6.820
7.600
8.070
7.850
7.080
6.110
5.570
5.710
6.530
7.590
8.260
8.040
7.180
6.520
6.540
6.800
6.680
6.040
5.530
5.820
6.780
7.960
8.890
9.280
8.920
7.530
5.470
4.050
4.320
6.070
7.930
9.030
8.920
7.820
6.610
6.100
6.330
6.850
7.040
6.950
6.730
6.760
7.320
7.980
8.110
7.340
6.260
5.730
5.940
6.670
7.440
7.810
7.800
7.560
7.410
7.280
6.800
6.300
6.210
6.600
7.210
7.790
7.990
7.470
6.600
6.080
6.280
7.120
8.090
8.390
7.760
7.010
6.610
6.610
6.640
6.410
6.250
6.690
7.460
8.160
8.410
7.950
6.810
6.220
6.540
7.380
7.700
7.420
7.010
6.920
6.960
6.960
6.720
6.480
6.700
7.580
8.570
8.810
8.180
7.330
6.710
6.340
6.130
6.240
6.820
7.580
7.930
7.600
7.110
7.080
7.570
8.170
8.320
7.880
6.840
5.770
5.420
6.000
6.970
7.560
8.150
8.640
8.810
8.280
7.260
6.370
6.140
6.670
7.360
7.690
7.370
6.650
6.060
6.230
7.210
8.330
8.900
8.750
8.330
7.790
7.160
6.510
5.980
5.720
5.750
6.260
7.420
8.670
9.430
9.440
8.530
7.050
5.860
5.700
6.440
7.260
7.610
7.340
7.070
7.100
7.410
7.670
7.730
7.550
7.450
7.260
6.970
6.810
7.000
7.580
7.960
7.770
7.040
6.670
6.990
7.560
7.900
7.680
7.290
7.000
7.100
7.450
7.830
8.270
8.290
7.760
6.780
6.110
5.970
6.590
7.660
8.590
8.890
8.570
7.880
7.220
6.900
7.050
7.400
7.610
7.270
6.860
6.850
7.250
7.820
8.160
8.110
7.710
7.460
7.540
7.770
7.900
7.790
7.390
6.880
6.720
6.750
6.880
7.080
7.610
8.090
8.530
8.760
8.630
8.200
7.620
7.080
6.670
6.280
6.210
6.540
7.110
7.980
8.840
9.560
9.860
9.320
8.040
6.400
5.460
5.530
6.150
6.800
7.630
8.590
9.370
9.300
8.450
7.520
7.070
6.960
7.110
7.460
7.920
8.050
7.490
6.660
6.290
6.970
8.220
9.150
9.130
8.370
7.600
7.390
7.500
7.470
7.290
7.010
6.890
6.960
7.470
8.240
8.870
9.120
8.820
7.870
7.000
6.640
6.850
7.290
7.690
7.900
7.970
8.130
8.350
8.560
8.440
7.930
7.190
6.740
6.680
6.850
7.240
7.820
8.640
9.410
9.760
9.270
7.930
6.390
5.470
5.750
7.010
8.550
9.460
9.280
8.320
7.520
7.350
7.880
8.480
8.500
7.430
6.080
5.890
7.230
9.110
10.080
9.590
8.390
7.500
7.250
7.180
7.000
6.930
7.400
8.150
8.540
8.340
8.040
8.120
8.500
8.650
8.310
7.790
7.170
7.000
7.220
7.580
7.880
8.070
8.330
8.570
8.700
8.660
8.340
7.920
7.600
7.650
7.870
7.720
7.370
7.330
7.780
8.300
8.560
8.310
8.080
8.290
8.710
8.850
8.350
7.640
7.190
7.230
7.520
7.760
7.830
8.010
8.350
8.760
8.950
8.850
8.620
8.260
7.830
7.440
6.940
6.480
6.540
7.540
9.240
10.770
11.060
9.790
7.790
6.430
6.300
6.770
7.230
7.650
8.130
8.550
8.900
9.160
9.380
9.200
8.420
7.610
7.200
7.320
7.460
7.450
7.630
8.240
8.920
9.380
9.240
8.840
8.190
7.600
7.130
7.040
7.470
7.910
8.390
8.870
9.240
9.150
8.680
7.930
7.440
7.550
7.790
7.830
7.610
7.440
7.770
8.530
9.300
9.630
9.430
8.730
7.790
7.000
6.700
7.020
7.580
8.130
8.700
9.260
9.460
8.960
8.120
7.710
8.000
8.510
8.590
8.120
7.360
6.830
6.910
7.470
8.460
9.400
9.920
9.660
9.080
8.640
8.190
7.450
6.660
6.300
6.740
7.690
8.830
9.740
9.980
9.640
8.810
7.920
7.460
7.480
7.610
7.510
7.310
7.560
8.360
9.140
9.600
9.550
8.770
7.880
7.530
7.710
7.850
7.750
7.660
7.950
8.580
9.180
9.750
10.010
9.550
8.380
7.040
6.480
6.950
8.020
8.980
9.220
9.050
8.820
8.910
9.150
9.280
8.940
8.030
7.120
7.040
7.690
8.440
8.700
8.830
8.720
8.720
8.820
9.000
8.920
8.670
8.480
8.460
8.340
7.990
7.750
7.760
7.970
8.270
8.680
9.190
9.690
9.730
9.170
8.300
7.730
7.610
8.110
8.770
8.850
8.300
7.720
7.760
8.540
9.580
9.980
9.500
8.580
8.240
8.410
8.610
8.190
7.240
6.820
7.640
8.960
9.940
10.240
10.040
9.530
8.870
8.060
7.400
7.020
7.260
8.100
9.050
9.590
9.450
9.050
8.870
8.570
8.130
7.880
8.100
8.770
9.440
9.600
9.260
8.600
7.950
7.510
7.650
8.250
8.630
8.850
9.220
9.720
10.140
10.010
9.160
7.970
7.170
7.230
7.940
8.800
9.320
9.500
9.580
9.420
8.880
8.180
7.770
8.050
8.680
9.260
9.400
9.210
8.910
8.630
8.350
8.050
7.920
8.370
9.270
9.750
9.280
8.180
7.580
8.150
9.420
10.350
10.060
8.670
7.340
6.860
7.470
8.800
10.160
10.640
9.990
8.690
7.550
7.400
8.130
9.140
9.720
9.680
9.240
8.710
8.320
8.060
7.770
7.770
8.410
9.460
10.220
10.250
9.740
9.060
8.400
7.870
7.400
7.160
7.540
8.530
9.680
10.230
10.160
9.780
9.510
9.210
8.610
7.900
7.440
7.460
7.750
7.980
8.270
8.920
9.990
11.140
11.760
11.280
9.770
7.680
6.110
5.670
6.410
7.760
9.170
10.350
11.300
11.580
10.870
9.460
8.230
7.750
7.550
7.560
7.740
8.090
8.580
9.250
9.850
9.960
9.640
9.380
9.510
9.560
9.140
8.490
7.890
7.670
7.720
7.870
8.390
9.350
10.610
11.280
10.960
9.890
8.730
7.970
7.770
7.970
8.150
8.100
8.330
8.840
9.460
9.920
10.090
9.980
9.690
9.360
9.170
9.000
8.800
8.490
7.970
7.550
7.560
8.300
9.510
10.580
11.000
10.680
10.140
9.520
8.920
8.140
7.470
7.320
7.790
8.480
9.180
9.790
10.630
11.040
10.590
9.450
8.340
7.910
7.970
8.090
8.180
8.420
9.090
10.060
10.710
10.650
9.840
8.720
8.000
8.130
8.600
8.860
8.780
8.790
9.000
9.240
9.560
10.000
10.430
10.580
9.950
8.510
7.070
6.690
7.560
8.930
9.930
10.400
10.440
10.320
9.970
9.580
9.100
8.570
8.150
8.010
8.140
8.490
9.240
10.010
10.330
10.150
9.580
9.120
8.880
8.780
8.690
8.890
9.370
9.860
9.850
9.320
8.640
8.290
8.490
9.160
9.890
10.190
9.990
9.630
9.230
8.780
8.540
8.500
8.670
9.100
9.430
9.690
9.770
9.490
9.100
8.880
9.190
9.940
10.400
10.010
8.940
7.830
7.350
7.560
8.450
9.790
10.880
11.380
11.300
10.880
9.970
8.690
7.650
7.200
7.230
7.560
8.080
9.260
10.730
11.740
11.790
11.000
9.790
8.850
8.400
8.390
8.250
7.720
7.030
7.170
8.560
10.750
12.470
12.680
11.460
9.820
8.500
7.870
7.580
7.410
7.630
8.330
9.410
10.620
11.460
11.340
10.330
9.090
8.400
8.400
8.490
8.650
9.130
9.840
10.190
9.570
8.600
8.160
8.620
9.860
11.020
11.330
10.430
8.760
7.320
7.000
7.820
9.400
10.790
11.460
11.040
9.910
8.910
8.530
8.640
8.700
8.740
8.960
9.280
9.540
9.440
9.250
9.230
9.650
10.580
11.250
10.890
9.450
7.710
6.620
6.690
7.960
9.640
10.850
11.290
11.290
11.140
10.780
9.610
8.200
7.300
7.100
7.730
8.840
10.050
10.840
10.840
10.180
9.510
9.360
9.590
9.700
9.290
8.600
8.040
8.040
8.690
9.780
10.590
10.930
10.800
10.150
9.240
8.530
8.030
7.790
8.190
9.190
10.250
11.080
11.160
10.570
9.700
8.810
8.400
8.550
8.920
8.930
8.630
8.620
9.260
10.120
10.640
10.830
10.880
10.640
9.710
8.220
7.010
7.030
8.290
9.740
10.510
10.580
10.110
9.830
9.980
10.360
10.410
9.600
8.380
7.770
8.080
8.830
9.310
9.310
9.410
10.000
10.950
11.310
10.710
9.400
8.250
7.980
8.580
9.340
9.590
9.400
9.100
9.230
9.830
10.700
11.240
10.670
8.970
7.540
7.280
8.350
9.960
11.200
11.420
10.680
9.550
8.530
7.980
8.370
9.380
10.210
10.340
9.750
9.130
9.000
9.490
10.270
10.750
10.500
9.620
8.710
8.330
8.750
9.240
9.220
9.130
9.550
10.430
10.970
10.920
10.250
9.350
8.610
8.290
8.330
8.570
9.060
9.930
11.050
11.830
11.530
10.080
8.140
6.980
7.360
8.870
10.410
11.220
11.320
10.890
10.110
9.360
8.960
8.610
8.330
8.560
9.260
9.980
10.360
10.510
10.380
10.160
9.650
9.270
8.920
8.770
8.910
9.380
10.410
11.000
10.790
9.740
8.690
8.150
8.170
8.880
9.980
11.020
11.590
11.430
10.490
9.220
8.200
7.730
8.260
9.390
10.340
10.750
10.620
10.360
9.970
9.620
9.260
9.070
9.260
9.630
9.920
10.210
10.440
10.450
9.920
9.120
8.290
7.910
8.460
9.870
11.380
12.180
11.970
10.850
9.440
8.480
8.190
8.300
8.660
9.300
10.040
10.940
11.290
10.910
10.130
9.580
9.410
9.530
9.700
9.690
9.600
9.480
9.570
9.740
9.820
9.810
9.720
9.920
10.350
10.730
10.710
10.240
9.500
8.900
8.790
9.320
9.960
10.070
9.800
9.710
10.240
11.060
11.330
10.610
9.220
8.350
8.600
9.700
10.850
11.130
10.350
9.280
8.760
9.050
9.830
10.690
11.330
11.410
10.770
9.480
8.270
7.910
8.580
9.800
10.900
11.290
11.080
10.470
9.980
9.710
9.590
9.580
9.780
9.940
9.790
9.470
9.290
9.380
9.550
9.590
9.930
10.670
11.540
12.010
11.500
10.140
8.770
7.920
7.730
7.960
8.640
9.770
11.170
12.450
12.980
12.390
10.690
8.670
7.580
7.870
8.860
9.360
9.370
9.490
9.980
10.850
11.740
12.040
11.270
9.900
8.710
8.250
8.540
9.010
9.460
9.900
10.130
10.260
10.560
11.170
11.280
10.700
9.660
8.780
8.350
8.610
9.220
10.000
10.570
10.570
10.260
10.040
10.100
10.270
10.200
10.000
9.800
9.610
9.420
9.360
9.600
9.840
9.960
9.900
9.790
9.980
10.390
10.660
10.510
10.100
9.660
9.380
9.260
9.470
10.060
10.410
10.330
9.790
9.360
9.470
10.050
10.450
10.440
10.200
10.170
10.140
9.940
9.520
9.260
9.270
9.590
10.070
10.250
10.270
10.270
10.490
10.750
10.600
10.090
9.080
8.360
8.460
9.230
10.220
11.140
11.720
11.530
10.290
8.810
8.220
9.110
10.410
11.020
10.510
9.590
9.290
9.700
10.120
9.980
9.650
9.550
9.870
10.400
10.710
10.730
10.470
10.110
9.560
9.180
9.050
9.100
9.270
9.700
10.290
11.210
11.990
12.010
10.950
9.200
8.040
8.220
9.310
10.140
10.320
10.190
10.300
10.570
10.580
10.340
10.000
10.030
10.080
10.170
10.070
9.750
9.420
9.330
9.660
10.170
10.580
10.590
10.280
10.080
10.220
10.310
10.260
9.930
9.590
9.560
9.880
10.180
10.210
9.980
9.780
9.910
10.170
10.510
10.560
10.310
10.000
9.910
9.840
9.850
9.720
9.880
10.220
10.440
10.360
10.060
9.650
9.470
9.720
10.340
11.090
11.380
10.910
9.800
8.760
8.650
9.350
10.330
10.920
10.870
10.480
9.930
9.520
9.710
10.420
11.120
11.260
10.520
9.370
8.820
9.140
9.850
10.170
10.240
10.320
10.670
11.040
11.000
10.410
9.730
9.440
9.670
9.910
9.930
9.650
9.660
10.100
10.770
11.180
11.160
10.660
9.970
9.260
9.080
9.330
9.800
10.290
11.050
11.730
11.840
10.920
9.400
8.290
8.370
9.580
10.740
11.200
11.000
10.670
10.510
10.410
10.310
9.950
9.630
9.850
10.290
10.670
10.470
9.810
9.290
9.620
10.570
11.600
11.800
11.130
9.970
9.130
9.090
9.760
10.740
11.310
11.090
10.440
9.970
9.930
10.150
10.430
10.410
10.260
10.380
10.560
10.780
10.560
10.280
10.170
10.320
10.490
10.370
10.180
10.260
10.540
10.630
10.450
10.120
10.180
10.350
10.250
9.990
10.080
10.800
11.640
11.880
11.330
10.330
9.440
9.020
8.980
9.190
9.780
10.800
11.780
12.110
11.770
11.270
10.840
10.360
9.760
9.200
8.930
9.060
9.400
10.280
11.470
12.500
12.620
11.790
10.390
9.040
8.390
8.780
10.080
11.350
11.720
11.210
10.460
9.930
9.810
9.990
10.670
11.540
11.650
10.760
9.490
8.960
9.460
10.290
11.040
11.140
10.840
10.620
10.540
10.700
10.850
10.840
10.510
9.940
9.370
9.260
9.730
10.620
11.280
11.580
11.410
10.870
10.250
9.940
9.980
10.170
10.260
10.280
10.130
10.040
10.310
10.960
11.570
11.570
10.990
9.990
9.090
8.800
9.230
10.240
11.590
12.650
12.620
11.460
9.980
9.040
8.800
7.850
8.420
9.320
10.110
10.170
9.610
9.450
9.790
10.240
10.030
9.210
8.510
8.350
8.430
8.670
8.790
8.700
8.650
9.210
10.450
11.740
11.990
10.970
9.240
7.780
6.960
6.760
7.390
8.620
10.190
11.370
11.770
11.220
10.060
8.870
8.040
7.890
8.050
8.440
9.180
9.950
10.330
10.030
9.000
8.200
8.500
9.720
10.800
10.790
9.680
8.440
7.740
7.850
8.400
9.040
9.680
10.140
10.350
10.320
9.990
9.480
8.890
8.360
8.130
8.040
8.390
9.010
10.030
10.840
11.060
10.400
9.080
8.040
7.800
8.420
9.260
9.830
10.180
10.380
10.410
9.940
9.160
8.390
7.930
7.980
8.630
9.600
10.560
11.190
11.180
10.420
8.940
7.500
7.150
8.120
9.780
11.020
11.000
10.010
8.880
8.240
8.120
8.480
9.420
10.630
11.360
11.020
9.660
8.150
7.360
7.670
8.910
10.290
11.040
10.590
9.490
8.700
8.600
8.930
9.390
9.910
10.160
9.920
9.220
8.620
8.350
8.610
9.060
9.710
10.290
10.490
10.320
9.700
8.940
8.330
8.340
9.000
9.870
10.260
9.870
9.090
8.600
8.800
9.680
10.580
10.790
9.990
8.800
8.140
8.350
9.030
9.740
10.210
10.160
9.810
9.440
9.410
9.660
9.740
9.650
9.580
9.490
9.090
8.630
8.530
8.990
10.040
10.990
11.260
10.760
10.040
9.430
8.910
8.290
8.000
8.160
8.950
9.900
10.730
11.120
10.940
10.280
9.550
9.030
8.860
9.130
9.590
9.660
9.190
8.610
8.610
9.320
10.280
10.870
10.710
9.970
9.100
8.670
8.990
9.710
10.300
10.180
9.560
8.830
8.480
8.700
9.510
10.380
10.710
10.300
9.630
9.110
8.850
8.880
9.470
10.350
10.890
10.350
9.100
8.190
8.090
8.860
10.040
10.860
10.760
10.320
9.820
9.380
9.020
8.550
8.170
8.580
9.680
10.810
11.170
10.570
9.690
8.920
8.510
8.480
8.980
9.640
10.130
10.320
10.310
10.020
9.540
9.080
8.880
8.830
9.060
9.500
10.240
10.680
10.520
9.910
9.130
8.620
8.450
8.940
9.710
10.150
10.080
9.730
9.680
10.060
10.410
9.950
8.820
8.060
8.370
9.430
10.170
10.140
9.700
9.640
9.950
10.450
10.570
10.140
9.340
8.680
8.210
8.140
8.485
8.830
9.860
11.060
11.810
11.570
10.610
9.380
8.620
8.410
8.590
8.580
8.700
8.830
9.170
9.800
10.570
11.150
11.020
10.240
9.310
8.830
8.950
9.240
9.140
8.840
8.830
9.550
10.560
10.920
10.290
9.360
8.870
8.990
9.370
9.660
9.770
9.870
10.080
10.120
9.710
9.230
8.980
8.930
9.070
9.340
9.610
10.000
10.280
10.270
9.980
9.690
9.420
9.160
9.070
9.220
9.530
9.710
9.850
10.130
10.230
9.920
9.220
8.770
8.990
9.930
10.970
11.180
10.190
8.640
7.740
8.040
8.990
9.920
10.490
10.950
11.250
11.270
10.750
9.580
8.180
7.470
7.570
8.250
9.040
9.950
11.110
12.250
12.510
11.510
9.850
8.470
7.850
7.850
8.080
8.540
9.050
9.920
11.210
12.080
11.980
10.970
9.890
9.020
8.410
7.930
7.940
8.550
9.570
10.580
11.350
11.660
11.430
10.630
9.760
9.010
8.500
7.960
7.800
8.440
9.640
10.940
11.950
12.250
11.440
9.970
8.500
7.980
8.400
9.180
9.730
9.850
9.660
9.620
9.850
9.990
10.050
10.200
10.590
10.680
10.140
9.130
8.530
8.580
8.900
9.160
9.290
9.720
10.560
11.430
11.450
10.440
9.160
8.520
8.660
9.000
9.110
9.220
9.790
10.400
10.420
9.890
9.460
9.720
10.360
10.560
9.900
8.980
8.640
8.940
9.490
9.850
9.800
9.810
9.990
10.300
10.400
10.210
9.820
9.270
8.710
8.480
8.850
9.630
10.620
11.200
10.990
10.250
9.490
8.860
8.540
8.680
9.350
10.130
10.520
10.200
9.730
9.590
9.920
10.140
9.910
9.550
9.410
9.410
9.450
9.470
9.460
9.350
9.410
9.810
10.330
10.660
10.280
9.740
9.380
9.430
9.730
9.770
9.270
8.740
8.760
9.380
10.190
10.740
10.820
10.460
9.840
9.080
8.580
8.690
9.460
10.510
11.110
10.860
9.750
8.490
7.760
8.060
9.280
10.760
11.750
11.840
11.210
10.220
8.950
7.750
7.200
7.700
9.020
10.590
11.780
12.120
11.500
10.080
8.640
7.800
8.220
9.250
10.050
10.200
9.920
9.630
9.620
9.780
9.830
9.560
9.120
8.860
9.170
9.830
10.080
9.800
9.640
9.970
10.620
10.850
10.280
9.050
7.780
7.340
8.030
9.480
10.900
11.840
11.810
11.000
9.790
8.790
8.430
8.800
9.610
9.870
9.220
8.480
8.600
9.550
10.640
11.330
11.420
10.840
9.880
9.000
8.490
8.250
8.430
8.960
9.670
10.260
10.610
10.690
10.550
10.290
9.950
9.560
9.170
8.950
8.870
8.950
9.020
9.300
9.870
10.510
10.940
10.800
10.320
9.870
9.520
9.240
8.950
8.830
8.880
9.180
9.500
9.760
10.240
10.910
11.390
11.230
10.230
8.850
8.040
8.070
8.610
9.140
9.690
10.370
11.110
11.610
11.380
10.410
9.110
8.290
8.300
8.660
8.930
9.050
9.190
9.990
11.330
12.260
11.820
10.190
8.400
7.620
8.120
9.280
10.160
10.350
10.140
9.850
9.660
9.490
9.370
9.510
10.130
10.600
10.400
9.660
9.040
9.010
9.420
9.680
9.810
9.860
9.880
9.850
9.750
9.640
9.460
9.200
9.270
9.710
10.360
10.680
10.420
9.630
8.900
8.660
8.980
9.580
10.060
10.240
10.160
9.900
9.680
9.700
10.000
10.160
9.850
9.160
8.500
8.370
8.910
9.850
10.770
11.320
11.120
10.380
9.580
9.170
9.160
9.060
8.720
8.470
8.740
9.530
10.530
11.320
11.460
10.840
9.740
8.870
8.830
9.350
9.750
9.530
8.990
8.740
9.270
10.150
10.910
11.090
10.720
10.070
9.430
8.900
8.700
9.000
9.670
10.170
10.310
10.050
9.750
9.530
9.530
9.680
9.640
9.440
9.530
10.130
10.700
10.650
9.930
8.940
8.570
9.050
9.840
10.130
9.910
9.640
9.770
10.040
10.340
10.670
10.640
10.030
9.000
8.130
7.960
8.810
9.940
10.820
11.320
11.300
10.830
9.910
9.120
9.050
9.410
9.790
9.810
9.630
9.310
9.160
9.480
10.200
10.720
10.670
10.300
10.170
10.190
10.090
9.820
9.420
9.170
9.140
9.190
9.400
9.890
10.580
10.900
10.750
10.290
9.880
9.550
9.570
9.780
9.850
9.600
9.340
9.560
9.980
10.460
10.540
10.390
10.070
9.670
9.330
9.380
9.890
10.470
10.900
10.940
10.220
8.970
8.050
8.030
9.060
10.740
12.010
12.210
11.480
10.470
9.600
9.020
8.840
8.970
9.080
9.220
9.390
9.720
10.420
11.300
11.800
11.560
10.660
9.790
9.150
8.740
8.730
9.090
9.790
10.280
10.380
10.360
10.560
11.150
11.400
10.790
9.510
8.380
8.310
9.110
10.060
10.490
10.520
10.550
10.710
10.750
10.450
10.030
9.710
9.740
9.890
9.870
9.400
8.790
8.570
9.350
10.940
12.410
12.840
12.020
10.480
9.120
8.520
8.500
8.510
8.760
9.570
10.750
11.610
11.470
10.710
10.150
10.080
10.310
10.430
10.270
9.990
9.560
9.160
9.030
9.210
9.650
10.430
11.300
11.990
12.090
11.040
9.490
8.470
8.610
9.570
10.550
10.920
10.580
9.920
9.590
10.110
11.150
11.660
11.000
9.880
9.250
9.380
10.040
10.570
10.580
10.400
10.220
10.310
10.850
11.390
11.570
10.960
10.030
9.420
9.580
10.100
10.410
10.270
9.920
9.770
10.120
10.980
11.830
12.330
11.990
10.870
9.610
8.750
8.420
8.650
9.450
10.890
12.270
12.640
12.270
11.540
10.400
9.170
8.440
8.680
9.840
10.860
11.360
11.480
11.120
10.430
9.700
9.470
9.810
10.460
10.990
11.090
10.830
10.370
9.880
9.620
9.840
10.300
10.700
10.750
10.720
10.460
10.050
9.860
9.980
10.340
10.630
10.960
11.100
10.870
10.130
9.320
8.760
9.010
10.000
11.270
12.100
12.010
11.330
10.450
9.810
9.450
9.280
9.370
9.650
10.060
10.630
11.210
11.570
11.660
11.360
10.660
9.670
8.910
8.990
9.950
10.700
10.530
10.020
10.070
10.880
11.850
12.160
11.240
10.040
9.000
8.620
8.870
9.200
9.670
10.270
10.850
11.170
11.090
10.680
10.570
10.360
9.830
9.000
8.540
8.580
9.050
9.620
10.430
11.280
11.640
11.030
9.700
8.770
8.980
10.010
10.750
10.290
9.110
8.430
8.820
9.790
10.540
10.630
10.390
10.140
9.970
9.900
9.850
9.680
9.720
9.930
10.120
9.810
9.170
8.870
9.160
9.730
10.200
10.410
10.480
10.370
10.220
10.130
10.060
9.810
9.420
8.970
8.710
8.830
9.070
9.410
10.000
11.040
11.840
11.910
11.010
9.540
8.340
7.840
8.110
9.030
9.960
10.400
10.410
10.330
10.470
10.720
10.780
10.430
9.580
8.610
7.940
8.200
9.320
10.590
11.250
10.980
10.050
9.130
8.830
9.110
9.480
9.660
9.630
9.380
9.210
9.120
9.240
9.800
10.330
10.500
10.360
9.980
9.550
9.320
9.150
8.880
8.850
9.200
9.760
9.960
9.730
9.520
9.680
10.080
10.490
10.470
9.980
9.540
9.220
8.850
8.590
8.400
8.660
9.430
10.480
11.250
11.300
10.660
9.970
9.260
8.830
8.550
8.500
8.650
9.170
9.880
10.460
10.690
10.640
10.290
9.870
9.440
9.120
9.060
9.340
9.700
10.000
9.990
9.600
9.030
8.710
8.760
9.420
10.320
11.070
11.310
11.120
10.570
9.580
8.520
7.720
7.480
7.870
8.870
10.260
11.510
12.120
11.820
10.820
9.540
8.420
7.840
7.920
8.660
9.500
9.950
10.080
10.230
10.560
10.940
10.760
9.770
8.520
8.040
8.480
9.230
9.810
10.170
10.130
9.940
9.980
10.250
10.310
9.750
8.960
8.470
8.810
9.670
10.090
9.800
9.380
9.280
9.680
10.280
10.450
9.900
9.050
8.680
8.950
9.590
10.020
10.290
10.360
10.160
9.660
9.260
9.040
8.950
8.880
8.970
9.550
10.410
10.830
10.710
10.300
9.660
9.000
8.610
8.840
9.420
9.630
9.620
9.720
10.150
10.620
10.610
9.920
8.920
8.440
8.710
9.170
9.440
9.820
10.500
11.060
10.870
10.150
9.270
8.730
8.570
8.660
8.850
9.180
9.650
10.340
10.920
11.290
11.160
10.400
9.290
8.380
8.040
8.410
9.090
9.870
10.740
11.180
10.890
10.070
9.270
9.240
9.850
10.290
9.960
9.210
8.690
8.550
8.810
9.310
10.090
10.930
11.490
11.460
10.840
9.800
8.650
7.790
7.630
8.500
10.060
11.320
11.490
10.620
9.450
8.690
8.630
9.380
10.530
11.190
10.800
9.640
8.680
8.580
9.100
9.350
9.120
9.190
9.920
11.050
11.580
10.980
9.580
8.570
8.520
9.280
10.230
10.450
9.740
8.830
8.520
9.010
10.010
10.800
11.000
10.670
10.070
9.550
9.130
8.940
8.940
9.090
9.310
9.730
10.060
10.270
10.470
10.530
10.390
9.920
9.450
9.150
9.200
9.330
9.390
9.360
9.430
9.700
10.150
10.520
10.530
10.270
10.160
10.130
9.810
9.290
8.870
8.940
9.350
9.600
9.580
9.460
9.600
10.230
11.010
11.330
10.690
9.620
8.820
8.540
8.540
8.660
8.920
9.530
10.290
10.850
11.060
10.810
10.090
9.340
8.960
9.080
9.240
9.120
9.020
9.170
9.780
10.410
10.710
10.590
10.150
9.510
9.110
9.110
9.350
9.600
9.620
9.440
9.510
9.880
10.250
10.210
9.950
9.400
8.790
8.690
9.360
10.500
11.190
10.900
9.920
8.790
8.010
7.880
8.460
9.780
11.360
12.170
11.570
9.810
8.150
7.770
8.630
9.830
10.370
10.210
9.740
9.220
8.970
9.380
10.220
10.750
10.560
9.850
9.160
8.960
9.250
9.610
9.820
9.810
9.690
9.620
9.550
9.330
9.390
9.830
10.340
10.410
10.120
9.780
9.620
9.410
8.970
8.600
8.650
9.340
10.530
11.540
11.640
10.520
8.890
7.850
8.000
9.020
10.200
11.130
11.390
10.760
9.500
8.440
8.180
8.540
9.190
9.910
10.510
10.820
10.730
10.370
10.040
9.830
9.750
9.380
8.530
7.730
7.370
8.660
10.180
11.130
11.480
11.170
10.320
8.740
7.250
6.690
7.290
8.740
10.000
10.370
9.860
9.280
9.100
9.260
9.350
9.230
9.010
8.860
8.650
8.290
8.640
9.480
10.440
10.550
9.680
8.160
7.180
7.310
8.620
10.170
11.030
10.850
9.970
9.270
8.820
8.490
7.980
7.600
7.750
8.710
9.910
10.790
10.670
9.970
9.150
8.480
8.210
8.260
8.700
9.390
9.780
9.510
8.740
8.160
8.340
9.140
10.050
10.550
10.270
9.440
8.520
8.020
8.210
8.670
8.900
9.010
9.090
9.370
9.620
9.720
9.580
9.360
8.990
8.310
7.920
8.200
9.050
9.700
9.720
9.350
9.090
9.130
9.340
9.260
8.980
8.550
8.290
8.200
8.690
9.520
10.330
10.560
10.040
8.920
8.000
7.750
8.040
8.890
9.840
10.050
9.560
8.950
9.000
9.670
10.240
9.790
8.740
7.840
7.750
8.490
9.610
10.480
10.750
10.350
9.570
8.870
8.460
8.380
8.490
8.760
9.230
9.620
9.790
9.780
9.690
9.520
9.310
8.880
8.590
8.960
9.610
9.960
9.700
9.110
8.490
8.290
8.530
9.370
10.160
10.380
9.940
9.390
9.290
9.700
10.080
9.930
9.070
7.770
7.060
7.590
9.170
10.740
11.440
11.190
10.610
10.180
9.760
9.060
8.090
7.260
7.100
7.650
8.790
10.210
11.310
11.650
11.140
10.240
9.540
8.880
8.030
7.310
7.380
8.460
9.840
10.560
10.370
9.830
9.610
9.800
9.960
9.730
9.160
8.650
8.230
8.020
8.270
9.130
10.290
10.900
10.670
9.860
9.160
8.840
8.830
8.900
9.080
9.490
9.770
9.490
8.630
8.110
8.610
9.740
10.590
10.870
10.630
10.040
9.170
8.250
7.600
7.700
8.450
9.500
10.290
10.560
10.480
10.160
9.710
9.140
8.560
8.440
8.920
9.350
9.200
8.710
8.630
9.240
10.080
10.540
10.460
10.190
9.710
8.960
8.190
7.670
7.830
8.440
9.360
10.270
10.940
11.080
10.530
9.560
8.640
8.150
8.080
8.300
8.910
9.790
10.480
10.540
9.780
8.720
8.040
8.340
9.480
10.720
11.060
10.160
8.810
7.800
7.560
8.140
9.320
10.470
10.910
10.400
9.690
9.280
9.080
8.810
8.580
8.680
9.110
9.420
9.280
9.160
9.400
9.910
10.170
9.920
9.480
9.150
8.760
8.550
8.910
9.670
10.290
10.080
8.970
7.740
7.270
8.190
10.030
11.500
11.520
10.410
9.110
8.500
8.630
8.940
8.710
7.930
7.350
7.770
9.190
10.830
11.590
11.030
9.850
8.970
8.830
9.130
9.300
8.750
7.910
7.510
8.040
9.170
10.160
10.570
10.500
10.080
9.560
9.130
8.910
8.850
8.840
8.660
8.660
8.800
9.140
9.590
9.930
9.930
9.600
9.260
9.130
9.030
8.630
8.250
8.320
9.060
10.090
10.710
10.640
9.900
8.820
8.150
8.110
8.460
8.790
8.940
9.080
9.470
10.110
10.410
10.200
9.730
9.290
8.830
8.280
7.740
7.640
8.250
9.350
10.530
11.260
11.120
10.110
8.830
8.060
8.060
8.650
9.230
9.300
8.840
8.600
9.090
9.730
10.010
9.820
9.470
9.240
9.190
9.400
9.440
9.170
8.750
8.560
8.650
8.930
9.230
9.470
9.700
9.910
9.770
9.320
8.930
9.040
9.460
9.790
9.660
9.250
8.890
8.600
8.380
8.630
9.560
10.700
10.980
10.090
8.780
8.030
8.170
8.940
9.830
10.590
10.680
9.870
8.570
7.710
7.830
8.730
9.960
10.980
11.160
10.270
8.840
7.970
8.190
8.940
9.540
9.970
10.240
10.210
9.730
8.970
8.560
8.550
8.800
9.270
9.950
10.700
10.840
10.060
8.880
8.140
8.110
8.730
9.460
9.700
9.590
9.730
10.390
11.070
10.710
9.310
7.920
7.780
8.760
9.710
9.730
9.280
9.130
9.600
10.210
10.440
10.130
9.490
8.870
8.580
8.720
9.000
9.260
9.410
9.730
10.000
10.170
9.900
9.340
8.920
8.800
9.100
9.470
9.650
9.560
9.450
9.350
9.220
9.290
9.510
9.830
10.210
10.270
9.790
8.850
7.970
7.760
8.290
9.330
10.370
11.020
11.080
10.710
10.000
9.150
8.350
7.860
7.860
8.390
9.120
9.800
10.420
10.590
10.150
9.270
8.890
9.310
10.100
10.330
9.610
8.360
7.480
7.650
8.810
10.210
11.040
11.130
10.650
9.980
9.180
8.370
7.830
7.900
8.510
9.380
10.310
10.860
10.760
10.220
9.400
8.740
8.480
8.830
9.330
9.470
9.190
8.870
9.030
9.590
9.970
10.010
9.790
9.570
9.230
9.020
9.030
9.150
9.230
9.100
9.170
9.420
9.850
10.120
10.000
9.480
9.000
8.790
8.890
9.130
9.340
9.580
9.670
9.530
9.340
9.190
9.280
9.490
9.640
9.660
9.680
9.590
9.380
9.190
9.220
9.420
9.380
9.120
8.930
8.900
8.980
9.300
9.880
10.670
11.260
11.250
10.300
8.560
6.810
6.250
7.330
9.370
11.170
11.970
11.650
10.550
9.640
9.080
8.740
8.410
8.180
8.440
9.140
9.510
9.300
9.030
9.600
10.900
11.790
11.230
9.520
7.950
7.690
8.630
9.390
9.190
8.440
8.020
8.830
10.860
12.860
13.300
11.630
8.850
6.730
6.410
7.510
8.930
9.780
9.950
10.040
10.450
10.860
10.910
10.390
9.400
8.460
7.910
7.890
8.270
8.900
9.580
10.160
10.600
10.930
11.090
10.620
9.470
8.070
7.470
8.060
9.230
9.910
9.740
9.220
9.280
9.990
10.800
11.070
10.790
10.190
9.200
8.020
7.180
7.250
8.300
9.870
11.230
11.820
11.590
10.760
9.680
8.710
7.990
7.700
7.980
8.740
9.830
10.810
11.170
10.740
9.830
9.110
8.810
8.800
9.140
9.420
9.390
9.210
9.200
9.460
9.830
10.060
9.950
9.780
9.460
9.410
9.490
9.410
9.330
9.300
9.370
9.320
9.090
9.050
9.460
10.260
10.750
10.530
9.760
8.880
8.340
8.330
8.880
9.630
10.310
10.690
10.470
9.930
9.360
9.010
8.850
8.810
8.740
8.970
9.530
10.250
10.810
11.000
10.600
9.660
8.620
7.940
8.040
8.860
9.720
10.150
10.030
9.880
9.940
10.070
10.100
10.060
9.820
9.160
8.410
8.050
8.250
8.940
9.920
10.870
11.370
11.030
10.110
9.240
8.790
8.670
8.860
9.370
10.060
10.240
9.700
9.000
8.830
9.280
10.000
10.670
10.900
10.290
9.300
8.750
8.840
9.200
9.380
9.460
9.640
9.900
10.030
9.870
9.640
9.490
9.590
9.860
10.080
9.920
9.430
9.120
9.170
9.340
9.410
9.420
9.600
9.840
9.990
10.010
9.980
9.960
9.900
9.690
9.350
8.910
8.600
8.660
9.060
9.590
10.350
11.160
11.490
10.800
9.560
8.680
8.600
8.810
8.900
8.660
8.570
9.150
10.420
11.570
11.860
11.110
9.960
8.900
8.350
8.280
8.520
8.900
9.280
9.630
9.770
9.960
10.420
11.010
11.230
10.640
9.510
8.490
8.140
8.260
8.540
8.760
9.290
10.290
11.320
11.700
11.210
10.130
8.990
8.250
8.190
8.640
9.310
9.910
10.280
10.080
9.610
9.400
9.880
10.450
10.260
9.220
8.250
8.210
9.110
10.420
11.300
11.000
9.830
8.740
8.620
9.220
9.730
9.580
9.300
9.430
9.910
10.240
10.130
9.750
9.380
9.170
9.390
9.900
10.340
10.200
9.410
8.430
8.180
8.980
10.050
10.720
10.920
10.710
10.410
9.830
9.060
8.610
8.400
8.510
8.870
9.440
10.100
10.540
10.830
10.840
10.450
9.500
8.680
8.670
9.340
9.910
9.750
9.020
8.630
8.940
9.770
10.650
10.930
10.630
10.220
9.730
9.310
9.020
8.810
8.620
8.640
9.060
9.630
10.290
11.040
11.500
11.060
9.710
8.410
8.040
8.690
9.410
9.570
9.340
9.450
10.090
10.690
10.680
10.120
9.260
8.730
8.700
9.170
9.820
10.280
10.350
9.970
9.230
8.610
8.630
9.300
10.290
11.090
11.230
10.720
9.730
8.640
7.980
8.070
8.800
9.920
10.730
10.970
10.740
10.240
9.630
9.060
8.910
9.150
9.750
10.360
10.430
9.720
8.760
8.390
8.850
9.670
10.150
10.380
10.690
11.160
11.270
10.450
8.940
7.950
7.840
8.590
9.690
10.580
10.950
10.870
10.320
9.780
9.780
10.380
10.910
10.610
9.370
8.270
8.080
8.740
9.630
10.220
10.610
10.950
11.050
10.840
10.250
9.690
9.360
9.290
9.290
9.410
9.480
9.620
9.720
9.540
9.340
9.860
11.080
12.300
12.260
10.570
8.400
7.330
7.910
9.340
10.360
10.650
10.430
10.040
9.970
10.240
10.660
10.840
10.630
10.060
8.980
8.140
8.110
9.180
10.730
11.800
11.700
10.700
9.620
9.000
9.010
9.320
9.710
10.120
10.520
10.550
9.980
9.190
9.020
9.780
10.840
11.200
10.530
9.390
8.690
8.800
9.620
10.550
10.870
10.330
9.690
9.620
10.100
10.680
10.630
9.840
8.940
8.760
9.470
10.490
11.030
10.880
10.220
9.510
9.060
9.240
10.030
10.990
11.150
10.050
8.860
8.710
9.710
10.880
11.030
10.250
9.180
8.980
9.540
10.390
10.980
10.840
9.980
9.060
8.810
9.330
10.160
11.060
11.270
10.470
9.110
8.310
8.720
9.840
10.840
11.270
11.120
10.600
9.930
9.220
8.850
9.080
9.780
10.580
10.860
10.520
9.850
9.350
9.180
9.550
10.270
10.940
11.190
11.100
10.620
9.800
8.930
8.330
8.300
9.040
10.350
11.710
12.190
11.600
10.390
9.290
8.700
8.800
9.460
10.410
10.920
10.860
10.400
9.740
9.250
9.300
9.730
10.120
10.430
10.680
10.890
10.790
10.360
9.730
9.150
8.920
9.180
9.900
10.730
11.160
10.920
10.390
10.200
10.260
10.210
9.790
9.120
8.790
9.230
10.340
11.400
11.620
11.000
10.030
9.480
9.630
10.000
10.020
9.710
9.500
9.690
10.080
10.620
11.070
11.280
10.970
10.140
9.100
8.620
9.030
10.030
10.870
11.140
10.930
10.450
9.940
9.660
9.740
9.990
9.990
9.550
9.390
10.020
11.080
11.730
11.520
10.410
9.250
8.770
9.060
9.680
10.250
10.440
10.280
9.930
10.140
10.840
11.370
11.210
10.480
9.740
9.200
9.060
9.280
9.530
9.800
9.910
10.180
10.950
11.970
12.520
11.850
10.010
8.340
7.920
8.860
9.950
10.290
9.920
9.780
10.550
11.690
12.140
11.560
10.500
9.550
8.970
8.670
8.690
9.350
10.470
11.450
11.860
11.400
10.330
9.400
9.220
9.730
10.360
10.570
10.320
10.020
9.980
10.050
10.080
10.090
10.310
10.850
11.060
10.410
9.240
8.720
9.470
10.850
11.810
11.790
10.960
9.840
9.130
9.070
9.570
10.350
10.970
10.810
10.100
9.390
9.470
10.330
11.380
12.040
11.890
10.810
9.400
8.280
8.070
8.900
10.070
10.830
11.260
11.720
12.110
11.990
11.070
9.670
8.350
7.780
8.280
9.390
10.710
11.680
12.300
12.380
11.790
10.640
9.250
8.260
8.200
9.070
10.210
10.920
11.110
11.140
11.330
11.430
11.080
10.420
9.730
9.080
8.760
9.060
10.020
11.070
11.660
11.610
11.010
10.180
9.530
9.580
10.220
10.750
10.740
10.440
10.280
10.290
10.220
9.950
9.770
9.840
10.140
10.540
10.790
10.810
10.840
11.050
11.230
10.940
9.970
8.770
8.260
9.050
10.430
11.390
11.460
11.220
11.390
11.860
11.730
10.430
8.450
7.410
8.090
9.820
11.430
12.120
11.920
11.270
10.770
10.800
10.920
10.600
9.720
8.780
8.360
8.690
9.620
10.710
11.840
12.700
12.750
11.790
10.270
9.130
8.860
9.220
9.590
9.880
10.140
10.660
11.220
11.400
11.130
10.710
10.500
10.470
10.290
9.720
9.340
9.740
10.860
11.990
12.040
10.960
9.540
8.780
8.990
9.830
11.030
11.910
11.830
11.000
10.170
9.860
9.920
10.220
10.460
10.700
10.670
10.470
10.070
9.870
9.950
10.250
10.640
10.960
11.090
11.070
11.020
10.930
10.830
10.540
9.940
9.140
8.520
8.600
9.650
11.450
13.160
13.970
13.390
11.540
9.440
7.990
7.610
8.240
9.230
10.290
11.390
12.430
12.980
12.570
11.180
9.730
9.160
9.630
10.410
10.680
10.410
9.750
9.270
9.260
9.740
10.680
11.730
12.470
12.540
11.830
10.680
9.610
9.110
9.360
9.930
10.330
10.180
9.810
9.710
10.290
11.540
12.780
13.130
12.320
10.800
9.360
8.680
8.700
9.040
9.460
10.110
11.250
12.360
12.850
12.720
11.980
10.590
9.190
8.410
8.570
9.250
10.230
11.110
11.690
12.000
12.030
11.690
10.920
9.890
9.280
9.250
9.610
10.260
10.930
11.630
11.790
11.340
10.540
9.870
9.740
10.030
10.630
10.880
10.710
10.420
10.520
10.990
11.500
11.480
11.080
10.380
9.750
9.530
9.800
10.370
10.910
11.260
11.220
10.990
10.880
10.890
11.110
11.030
10.530
9.930
9.430
9.680
10.480
11.240
11.440
11.150
10.880
10.850
11.160
11.290
10.980
10.130
9.490
9.470
10.210
10.990
11.190
10.880
10.790
11.070
11.400
11.390
11.170
11.080
10.960
10.460
9.720
9.080
9.090
9.880
11.060
12.200
12.830
12.720
11.890
10.730
10.040
9.890
9.750
9.400
9.170
9.620
10.570
11.520
12.150
12.170
11.900
11.540
11.080
10.520
10.040
9.980
10.250
10.310
9.920
9.370
9.430
10.510
12.310
13.700
13.660
12.330
10.580
9.210
8.390
8.170
9.140
11.150
12.930
13.210
12.170
10.870
10.130
10.080
10.380
10.680
10.600
10.070
9.710
10.100
11.270
12.420
12.630
11.660
10.290
9.500
9.580
10.120
10.650
11.210
11.640
11.690
11.280
10.630
10.200
10.250
10.490
10.780
10.910
10.910
10.800
10.810
10.970
11.330
11.640
11.550
11.060
10.380
9.750
9.500
9.910
10.870
11.840
12.290
11.960
11.140
10.160
9.660
10.090
11.360
12.380
12.270
10.920
9.470
9.090
9.630
10.530
11.230
11.910
12.540
12.800
12.160
10.820
9.540
8.990
9.210
9.880
10.890
11.840
12.270
12.050
11.380
10.900
10.720
10.730
10.720
10.490
10.430
10.460
10.500
10.520
10.550
10.960
11.690
12.380
12.230
11.060
9.700
9.290
9.960
11.010
11.850
12.200
11.830
10.840
9.850
9.440
10.000
10.980
11.990
12.430
12.190
11.400
10.300
9.400
9.300
10.240
11.520
12.450
12.510
11.850
10.860
10.020
9.610
9.780
10.640
11.600
12.180
12.150
11.680
10.840
9.920
9.570
10.070
11.010
11.750
11.920
11.570
11.010
10.500
10.400
10.900
11.490
11.720
11.310
10.440
9.930
10.180
10.850
11.450
11.550
11.250
10.920
10.870
11.250
11.550
11.200
10.430
10.000
10.500
11.370
11.830
11.570
10.800
10.160
9.980
10.420
11.240
11.940
12.160
11.860
11.120
10.390
10.270
10.530
10.790
10.810
10.970
11.150
11.300
11.120
10.760
10.550
10.850
11.520
11.840
11.440
10.740
10.280
10.420
11.080
11.630
11.570
10.940
10.370
10.300
10.770
11.310
11.570
11.380
11.120
11.080
11.220
11.390
11.410
11.410
11.120
10.660
10.130
9.770
9.900
10.670
12.010
13.210
13.330
12.050
10.320
9.190
9.230
10.190
11.470
12.610
13.150
12.700
11.210
9.540
8.720
9.130
10.510
11.940
12.690
12.650
11.950
11.270
10.910
10.750
10.590
10.490
10.560
10.850
10.790
10.460
10.370
11.170
12.380
12.940
12.400
11.230
10.280
9.810
10.030
10.880
11.790
11.920
10.950
9.910
9.990
11.340
12.750
13.040
12.150
10.820
9.980
9.800
10.060
10.660
11.530
12.310
12.400
11.680
10.650
10.010
10.080
10.670
11.710
12.460
12.400
11.550
10.370
9.890
10.350
11.160
11.490
11.320
11.150
11.100
11.170
11.280
11.680
12.140
12.220
11.510
10.220
9.420
9.670
10.730
11.940
12.750
12.550
11.630
10.900
10.860
11.250
11.410
11.170
10.600
10.100
9.930
10.670
11.910
13.080
13.310
12.310
10.910
9.970
9.790
9.950
10.250
10.730
11.670
12.550
12.570
11.900
11.160
10.920
11.020
11.030
10.840
10.700
10.600
10.560
10.920
11.610
12.090
12.140
11.960
11.550
11.030
10.690
10.770
11.070
11.080
10.720
10.640
10.990
11.550
11.980
12.260
12.260
11.800
10.970
10.120
10.080
10.910
12.000
12.250
11.630
10.800
10.600
11.110
11.630
11.460
11.000
10.970
11.510
11.930
11.960
11.730
11.220
10.550
10.190
10.450
11.250
11.980
12.080
11.490
10.890
10.810
11.200
11.670
11.900
11.780
11.440
10.940
10.420
10.310
10.700
11.370
11.820
11.920
11.850
11.760
11.720
11.590
11.170
10.690
10.370
10.300
10.390
10.900
11.750
12.610
12.990
12.640
11.710
10.700
10.120
10.120
10.420
10.620
10.770
11.150
11.750
12.290
12.720
12.910
12.610
11.570
10.230
9.290
9.260
9.840
10.800
11.710
12.400
12.860
12.990
12.680
12.120
11.440
10.730
9.970
9.510
9.560
10.330
11.400
12.370
13.040
13.180
12.710
11.780
10.760
10.140
10.110
10.610
11.400
11.970
11.870
11.140
10.380
10.170
10.860
12.230
13.470
13.780
12.990
11.530
10.050
9.080
8.920
9.650
10.880
12.200
13.300
13.690
13.370
12.390
11.170
10.310
10.200
10.750
11.310
11.310
10.840
10.720
11.130
11.800
12.230
12.130
11.500
10.970
11.340
12.510
13.320
12.830
11.170
9.260
8.410
9.200
11.170
13.160
14.000
13.480
12.220
11.070
10.590
10.530
10.710
11.050
11.410
11.680
11.900
11.980
11.760
11.150
10.670
10.850
11.630
12.280
12.320
11.510
10.480
10.180
10.940
12.150
13.160
13.410
12.580
11.050
9.780
9.520
10.140
11.060
11.740
12.180
12.580
12.800
12.670
12.130
11.190
10.260
10.170
10.890
11.730
11.900
11.360
10.770
10.800
11.330
11.850
12.200
12.470
12.670
12.490
11.820
10.830
10.100
9.960
10.100
10.420
11.050
12.000
12.940
13.510
13.430
12.640
11.730
11.060
10.490
9.910
9.590
9.650
10.340
11.620
13.270
14.400
14.180
12.620
10.740
9.580
9.650
10.560
11.580
12.240
12.470
11.950
11.090
10.600
10.940
11.850
12.380
12.110
11.470
11.110
11.200
11.560
11.840
11.600
11.110
10.870
11.210
11.790
11.860
11.580
11.410
11.750
12.150
12.020
11.510
10.950
10.750
10.910
11.470
12.120
12.310
11.810
11.100
11.000
11.420
11.840
11.880
11.650
11.540
11.690
11.860
11.780
11.470
11.070
10.710
10.620
11.100
11.900
12.480
12.410
11.990
11.830
12.110
12.220
11.710
10.540
9.700
9.990
11.320
12.530
12.690
12.170
11.740
11.730
11.950
11.980
11.810
11.480
11.000
10.720
10.780
11.150
11.480
11.640
11.660
12.050
12.820
13.140
12.580
11.140
9.860
9.570
10.440
11.830
12.860
12.890
12.240
11.480
11.200
11.400
11.670
11.750
11.630
11.400
11.450
11.450
11.110
10.930
11.460
12.470
13.050
12.530
11.370
10.560
10.550
11.030
11.750
12.450
12.680
12.150
11.210
10.610
10.660
11.280
11.950
12.370
12.380
11.940
11.380
11.220
11.540
11.960
11.910
11.470
11.110
11.260
11.545
11.830
11.900
11.830
11.920
11.980
11.920
11.620
10.860
10.220
10.540
11.870
13.110
13.390
12.650
11.670
10.930
10.720
10.920
11.360
11.850
11.950
11.720
11.160
10.850
11.270
12.380
13.320
13.190
12.160
11.040
10.430
10.440
11.010
11.620
11.940
12.130
12.290
12.410
12.140
11.410
10.690
10.560
11.170
12.040
12.670
12.570
12.010
11.440
11.110
11.090
11.400
11.980
12.470
12.100
10.960
10.050
10.320
11.700
13.100
13.900
13.710
12.610
11.060
9.810
9.410
9.900
11.060
12.470
13.440
13.440
12.710
12.050
11.740
11.380
10.570
9.760
10.240
11.820
13.210
13.400
12.440
11.430
11.040
11.070
11.130
11.320
11.720
12.010
11.820
11.450
11.540
12.330
13.080
12.990
11.840
10.260
9.440
9.940
11.490
13.140
13.870
13.510
12.400
11.280
10.770
10.920
11.340
11.440
11.130
10.870
11.170
11.940
12.550
12.800
12.880
12.850
12.640
11.940
10.730
9.560
9.330
10.190
11.710
13.280
14.080
13.790
12.590
11.250
10.460
10.520
11.190
11.990
12.210
11.780
11.210
10.950
11.370
11.840
11.950
11.810
11.980
12.710
13.330
13.100
11.670
9.970
9.070
9.600
11.410
13.260
13.870
12.900
11.280
10.460
10.970
12.230
13.250
13.260
12.290
11.020
10.100
9.760
10.280
11.320
12.500
13.440
13.690
12.920
11.610
10.620
10.560
11.350
12.100
12.610
12.580
11.800
10.710
10.180
10.680
11.810
12.820
13.180
12.840
12.150
11.550
11.260
11.120
11.250
11.560
12.000
12.120
11.960
11.770
11.640
11.530
11.450
11.580
11.980
12.350
12.350
11.970
11.640
11.570
11.410
11.200
11.210
11.610
12.230
12.730
12.810
12.370
11.580
10.700
10.320
10.800
11.880
12.770
13.280
13.160
12.280
11.060
10.200
10.420
11.720
13.050
13.460
12.510
11.100
10.340
10.730
11.800
12.790
12.980
12.410
11.710
11.280
11.330
11.540
11.840
12.060
12.200
12.100
11.680
11.210
11.040
11.410
12.150
12.980
13.220
12.670
11.630
10.840
10.660
11.040
11.480
12.050
12.530
12.710
12.440
11.810
11.240
11.150
11.590
12.160
12.540
12.570
12.010
11.310
10.940
10.970
11.350
11.890
12.410
12.800
12.840
12.310
11.490
10.890
11.130
11.910
12.340
12.040
11.630
11.470
11.740
11.960
12.020
12.020
11.910
11.780
11.790
12.040
12.160
12.000
11.790
11.640
11.510
11.310
11.320
11.790
12.310
12.530
12.420
12.110
11.780
11.560
11.540
11.680
11.850
11.910
11.720
11.430
11.280
11.520
12.210
12.810
12.820
12.480
12.170
11.860
11.230
10.430
10.250
11.050
12.360
13.320
13.340
12.550
11.490
10.930
11.280
12.120
12.660
12.470
11.770
11.050
10.540
10.670
11.640
12.730
13.240
12.920
12.340
11.980
11.960
11.980
11.620
10.730
9.960
10.040
11.340
13.170
14.410
14.180
12.750
11.210
10.420
10.580
11.420
12.000
11.910
11.490
11.320
11.730
12.380
12.760
12.770
12.410
11.860
11.120
10.490
10.590
11.710
12.910
13.180
12.360
11.480
11.200
11.300
11.470
11.370
11.810
12.280
12.310
11.750
10.900
10.540
10.820
11.680
12.540
12.780
12.180
10.930
9.850
9.730
10.660
12.020
12.910
13.260
13.060
12.330
11.080
9.940
9.650
10.300
11.240
12.000
12.270
12.120
11.760
11.650
12.120
12.880
12.990
11.830
9.930
8.840
9.340
10.940
12.560
13.220
12.960
12.120
11.340
11.160
11.520
12.270
12.600
12.030
10.590
9.300
9.120
10.080
11.680
13.180
13.890
13.790
13.100
12.020
10.620
9.360
8.750
9.270
10.880
12.630
13.430
13.300
12.560
11.660
10.860
10.420
10.660
11.430
11.940
11.690
10.980
10.580
10.680
10.990
11.390
11.970
12.910
13.420
12.820
11.270
9.810
9.210
9.720
10.810
11.630
12.250
12.700
13.150
13.140
12.290
10.980
9.980
9.750
9.980
10.550
11.360
12.070
12.380
12.370
12.230
12.020
11.790
11.530
11.330
11.070
10.800
10.470
10.290
10.370
10.870
11.680
12.420
12.860
13.080
13.120
12.610
11.310
9.840
8.870
9.040
10.300
12.080
13.300
13.450
12.570
11.250
10.320
10.440
11.510
12.630
12.660
11.560
10.390
9.850
10.150
10.930
11.710
12.000
11.800
11.740
11.750
11.920
12.020
11.760
11.280
10.900
10.560
10.430
10.440
10.880
11.860
12.770
12.740
11.670
10.600
10.580
11.350
12.010
12.030
11.520
10.960
10.610
10.590
10.920
11.620
12.230
12.430
11.960
11.100
10.430
10.590
11.270
11.760
11.730
11.560
11.530
11.570
11.570
11.240
10.760
10.550
10.910
11.620
12.420
12.820
12.440
11.460
10.390
9.640
9.830
10.850
12.000
12.540
12.400
11.910
11.400
11.180
11.220
11.410
11.380
11.110
10.910
10.980
10.980
10.710
10.630
11.270
12.280
12.940
12.690
11.880
11.030
10.420
10.210
10.300
10.660
11.150
11.800
12.550
12.790
12.160
10.940
10.100
10.130
10.870
11.660
12.030
11.960
11.580
11.150
11.020
11.210
11.350
11.280
11.000
10.760
10.770
11.150
11.480
11.720
11.980
12.150
12.130
11.690
10.990
10.410
10.160
10.210
10.620
11.190
11.700
12.170
12.360
12.250
11.900
11.420
11.020
10.760
10.570
10.340
10.370
10.820
11.560
12.120
12.180
12.000
11.860
11.750
11.390
10.790
10.340
10.390
10.900
11.450
11.690
11.730
11.760
11.740
11.630
11.310
10.830
10.420
10.390
10.950
11.840
12.620
12.810
12.030
10.510
9.140
9.140
10.820
13.020
14.090
13.470
11.680
10.140
9.630
9.780
10.060
10.480
11.270
12.360
13.100
12.970
12.120
11.110
10.320
9.890
9.930
10.320
10.950
11.580
12.090
12.260
11.950
11.280
10.750
10.810
11.060
11.170
11.070
11.180
11.530
11.790
11.470
10.750
10.330
10.570
11.260
11.780
11.760
11.330
11.140
11.420
11.810
11.740
11.400
10.990
10.430
9.810
9.610
10.360
11.790
13.120
13.360
12.480
11.210
10.460
10.350
10.560
10.570
10.620
10.850
11.390
11.770
11.620
10.940
10.470
10.800
11.710
12.390
12.130
11.480
11.050
10.970
10.950
10.500
9.830
9.550
9.840
11.080
12.390
13.140
13.000
12.040
10.710
9.660
9.450
9.980
10.620
10.930
10.740
10.300
10.110
10.600
11.760
12.870
13.020
12.270
11.300
10.340
9.380
8.600
8.570
9.390
10.760
12.260
13.290
13.710
13.290
12.130
10.290
8.680
8.140
8.760
9.950
11.290
12.280
12.520
12.210
11.830
11.380
10.580
9.840
9.750
10.450
11.190
11.190
10.600
10.170
10.420
11.120
11.730
12.040
11.910
11.430
10.700
10.040
9.630
9.570
9.780
10.530
11.920
13.020
13.100
11.960
10.310
9.330
9.670
10.720
11.280
10.750
9.790
9.700
10.670
12.160
13.050
12.820
11.490
10.000
9.210
9.600
10.630
11.380
11.140
10.490
10.170
10.640
11.190
11.390
11.470
11.720
11.940
11.700
10.740
9.740
9.440
9.810
10.280
10.650
10.930
11.350
11.930
12.260
11.960
11.080
10.310
10.150
10.250
10.180
9.990
10.000
10.440
11.160
11.970
12.550
12.580
12.030
11.070
10.010
9.270
9.120
9.730
10.660
11.250
11.510
11.610
11.620
11.390
11.150
11.290
11.720
11.640
10.720
9.530
9.070
9.660
10.480
10.900
10.970
11.060
11.470
12.020
12.430
12.430
11.860
10.890
9.740
8.840
8.660
9.230
10.370
11.630
12.590
12.980
12.720
11.870
10.860
10.290
10.040
9.780
9.670
9.870
10.400
11.100
11.670
11.980
12.070
11.950
11.570
10.910
10.020
9.220
9.150
10.200
11.580
12.240
11.820
11.060
10.920
11.440
11.780
11.240
10.120
9.270
9.180
10.000
11.160
12.080
12.260
11.820
11.240
10.740
10.350
10.170
10.210
10.350
10.520
10.680
11.070
11.600
11.860
11.540
10.920
10.200
9.920
10.170
10.930
11.470
11.220
10.600
10.280
10.540
11.080
11.280
11.090
10.890
10.940
11.140
11.190
10.800
10.290
10.160
10.510
11.060
11.310
10.940
10.330
10.100
10.720
11.870
12.510
11.920
10.610
9.460
9.130
9.860
11.260
12.490
12.580
11.510
10.100
9.290
9.300
9.990
11.200
12.480
12.980
12.330
10.780
9.430
9.080
9.610
10.560
11.320
11.410
10.960
10.510
10.580
11.100
11.660
11.800
11.420
10.620
9.710
9.240
9.710
10.710
11.610
12.010
11.830
11.250
10.690
10.320
10.320
10.530
10.790
10.800
10.560
10.330
10.490
11.060
11.690
11.920
11.470
10.450
9.450
9.060
9.710
11.220
12.500
12.650
11.800
10.520
9.570
9.450
10.040
10.770
11.140
11.110
10.870
10.720
10.820
11.120
10.980
10.150
9.600
10.240
11.430
12.010
11.610
10.820
10.470
10.460
10.520
10.310
9.940
9.750
10.160
11.160
12.210
12.710
12.480
11.560
10.380
9.330
8.770
8.830
9.750
11.090
12.320
12.920
12.550
11.460
10.310
9.660
9.620
10.040
10.710
11.250
11.250
10.830
10.230
10.120
10.670
11.480
12.020
11.890
11.180
10.320
9.740
9.610
9.980
10.690
11.370
11.440
11.200
11.030
11.130
11.120
10.800
10.380
10.310
10.600
10.680
10.320
10.180
10.820
11.890
12.220
11.500
10.240
9.490
9.640
10.490
11.340
11.720
11.470
10.940
10.670
10.650
10.670
10.420
10.030
9.950
10.460
11.210
11.680
11.620
11.270
10.900
10.630
10.690
10.980
11.080
10.550
9.670
9.170
9.580
10.770
11.980
12.480
12.290
11.700
10.890
10.140
9.710
9.780
10.400
11.110
11.460
11.180
10.490
10.090
10.270
10.780
11.270
11.340
11.170
11.050
11.150
11.240
11.390
10.850
10.280
9.970
10.130
10.470
10.800
11.240
11.740
12.310
12.470
11.990
11.060
10.030
9.660
10.060
10.920
11.320
11.320
11.400
11.630
11.660
11.150
10.450
10.010
10.210
10.940
11.860
12.250
11.830
11.070
10.780
10.900
10.750
10.130
9.900
10.460
11.390
11.900
11.760
11.430
11.300
11.510
11.640
11.390
10.710
9.810
9.210
9.690
10.850
11.910
12.200
11.960
11.760
11.770
11.780
11.270
10.480
9.910
9.760
10.130
10.700
11.190
11.420
11.780
12.410
12.640
11.740
10.120
9.130
9.550
10.860
12.160
12.770
12.410
11.220
9.880
9.170
9.710
10.790
11.650
12.140
12.440
12.530
12.220
11.320
10.070
9.160
9.250
10.190
11.090
11.660
11.800
11.840
12.020
12.180
12.050
11.460
10.590
9.970
9.690
9.710
9.950
10.530
11.270
11.910
12.360
12.750
13.020
12.830
11.760
10.130
8.770
8.380
8.940
10.040
11.230
12.240
13.100
13.640
13.500
12.480
10.800
9.190
8.410
8.880
10.230
11.460
11.810
11.660
11.780
12.260
12.470
11.700
10.390
9.500
9.760
10.640
11.340
11.450
11.490
11.630
11.680
11.280
10.620
10.400
10.890
11.450
11.470
11.040
10.740
10.920
11.160
11.400
11.510
11.360
11.050
11.030
11.060
11.070
10.890
10.900
11.100
11.300
11.470
11.560
11.470
11.360
11.210
11.060
10.950
10.700
10.610
10.590
10.670
11.240
12.220
13.060
13.130
12.220
10.680
9.210
8.750
9.580
11.180
12.370
12.520
11.970
11.510
11.570
11.900
11.830
11.160
10.490
10.130
10.040
10.160
10.520
11.260
12.220
12.910
12.990
12.390
11.230
10.030
9.410
9.940
11.270
12.410
12.430
11.520
10.630
10.450
10.850
11.440
12.030
12.220
11.710
10.770
10.330
10.820
11.690
12.250
12.030
11.170
10.260
10.010
10.500
11.380
12.300
12.770
12.480
11.510
10.560
10.230
10.560
11.230
11.680
11.760
11.640
11.550
11.400
11.050
10.760
10.630
10.860
11.370
12.130
12.660
12.550
11.810
10.790
10.000
9.830
10.480
11.460
12.040
11.990
11.850
11.960
12.070
11.760
11.050
10.350
10.260
10.760
11.460
11.710
11.670
11.490
11.370
11.230
11.370
11.930
12.330
12.070
11.160
10.330
10.160
10.590
11.360
12.010
12.350
12.210
11.740
11.340
11.030
10.740
10.650
10.880
11.400
12.110
12.600
12.490
11.450
10.060
9.540
10.560
12.250
13.060
12.670
11.740
11.040
10.550
10.100
10.040
10.750
11.990
12.980
13.090
12.400
11.500
10.840
10.290
10.110
10.290
10.800
11.630
12.480
12.810
12.390
11.640
11.000
10.590
10.440
10.480
10.700
11.280
11.990
12.500
12.420
11.820
11.270
11.070
11.210
11.200
10.880
10.500
10.500
10.820
11.400
12.140
12.520
12.240
11.700
11.200
11.150
11.560
12.140
12.220
11.460
10.110
9.180
9.590
11.200
12.870
13.370
12.700
11.800
11.380
11.470
11.590
11.530
11.080
10.630
10.440
10.630
10.990
11.290
11.500
11.710
11.990
12.340
12.730
12.790
12.110
10.790
9.540
9.260
10.130
11.410
12.180
12.210
11.920
11.830
12.090
12.300
12.340
11.950
11.080
10.080
9.600
10.050
10.970
11.570
11.860
12.040
12.250
12.470
12.520
12.310
11.800
11.120
10.520
10.190
10.170
10.430
10.860
11.470
11.910
12.340
12.600
12.510
11.930
11.170
11.010
11.500
11.840
11.510
10.720
10.200
10.500
11.330
12.090
12.300
11.990
11.500
11.190
11.190
11.500
11.910
12.270
12.170
11.600
10.780
10.300
10.420
11.130
11.740
11.890
11.750
11.630
11.700
11.820
11.730
11.520
11.340
11.440
11.630
11.630
11.210
10.620
10.320
10.750
11.920
12.970
13.150
12.420
11.470
10.930
10.870
10.870
10.710
10.560
10.890
11.580
12.200
12.610
12.490
12.220
11.870
11.580
11.250
11.060
11.030
10.980
10.660
10.440
10.840
11.870
12.930
13.260
12.930
11.890
10.740
10.180
10.610
11.830
12.730
12.490
11.260
10.180
10.080
10.990
12.130
12.890
12.970
12.490
11.770
11.170
10.940
10.940
11.000
10.990
10.960
10.990
11.500
12.400
13.170
13.380
12.770
11.660
10.600
10.210
10.380
10.890
11.290
11.400
11.440
11.690
12.300
13.040
13.340
12.790
11.720
10.600
9.940
10.080
10.730
11.510
12.070
12.410
12.430
12.170
11.870
11.680
11.560
11.500
11.540
11.490
11.480
11.400
11.560
11.910
12.150
12.110
11.860
11.720
11.800
11.900
11.760
11.340
11.130
11.470
12.380
12.960
12.900
12.310
11.680
11.030
10.510
10.480
11.210
12.340
13.140
13.300
12.840
11.970
11.130
10.850
11.370
12.130
12.320
11.770
11.220
11.250
11.730
12.200
12.290
12.400
12.570
12.550
12.160
11.520
11.060
10.930
11.290
11.620
11.830
12.080
12.400
12.550
12.370
12.050
11.850
11.920
12.070
12.020
11.370
10.500
10.290
10.990
12.290
13.440
13.880
13.410
12.310
11.170
10.430
10.220
10.750
11.810
12.750
12.970
12.620
12.020
11.490
11.350
11.450
11.560
11.790
12.290
12.700
12.680
12.210
11.320
10.650
10.710
11.520
12.300
12.710
12.790
12.700
12.450
11.910
11.260
10.750
10.840
11.640
12.700
13.230
12.840
11.860
11.050
10.770
11.260
12.270
12.970
12.840
11.820
10.810
10.770
11.880
13.010
12.850
11.630
10.720
11.270
12.660
13.520
12.960
11.430
10.180
10.170
11.180
12.390
13.350
13.600
13.140
12.110
11.150
10.950
11.340
11.710
11.680
11.590
11.790
12.130
12.160
11.800
11.700
12.340
13.300
13.520
12.470
10.980
10.130
10.280
11.150
12.120
12.670
12.690
12.600
12.670
12.640
12.210
11.510
11.150
11.270
11.580
11.850
11.990
12.110
12.240
12.170
12.060
12.040
12.070
12.000
11.890
12.200
12.480
12.330
11.660
10.850
10.600
11.280
12.450
13.340
13.560
13.040
12.060
11.480
11.520
11.670
11.500
11.310
11.340
11.790
12.350
12.640
12.540
12.220
11.990
12.210
12.680
12.680
12.240
11.750
11.370
11.140
11.020
11.170
11.730
12.640
13.400
13.710
13.450
12.720
11.760
10.990
10.750
10.920
11.350
11.590
11.770
12.220
13.270
14.150
14.150
13.050
11.510
10.230
9.840
10.170
11.170
12.280
13.330
14.110
14.180
13.550
12.230
10.810
10.040
10.340
11.520
12.670
13.090
12.730
12.200
11.850
11.840
12.040
12.290
12.310
12.080
11.940
12.000
12.180
11.990
11.560
11.350
11.780
12.360
12.610
12.430
12.200
12.350
12.840
13.000
12.330
11.110
10.210
10.480
11.640
12.890
13.630
13.710
13.230
12.400
11.570
11.200
11.300
11.930
12.500
12.750
12.620
12.140
11.360
10.710
11.000
12.330
13.670
14.280
13.990
13.400
12.430
10.990
9.520
9.310
10.700
12.600
13.900
14.240
13.920
13.080
12.070
11.360
11.320
11.710
11.840
11.730
11.750
12.000
12.360
12.280
12.080
12.200
12.670
13.010
12.840
12.250
11.750
11.690
11.790
11.820
12.030
12.370
12.630
12.480
12.060
11.830
12.030
12.460
12.830
12.750
12.260
11.650
11.450
11.760
12.230
12.630
12.660
12.420
12.280
12.160
12.100
12.010
12.000
12.240
12.420
12.470
12.550
12.450
12.070
11.530
11.440
12.110
13.110
13.650
13.220
12.010
10.770
10.520
11.570
13.250
14.410
14.330
12.920
11.030
9.820
10.150
11.480
13.010
14.000
14.230
13.880
13.010
11.820
10.750
10.370
10.860
11.920
12.950
13.440
13.300
12.880
12.480
12.200
11.850
11.590
11.670
12.240
12.720
12.570
12.180
12.130
12.710
13.230
12.920
11.780
10.670
10.650
11.790
13.430
14.480
14.390
13.210
11.680
10.810
11.040
11.820
12.230
12.150
11.810
11.950
12.910
13.950
14.140
13.280
12.100
11.480
11.600
11.930
11.990
11.730
11.500
11.790
12.590
13.290
13.390
13.020
12.670
12.400
12.300
12.270
12.220
12.090
12.000
11.980
11.840
11.930
12.420
13.160
13.570
13.010
11.870
11.200
11.700
12.820
13.720
13.870
13.030
11.640
10.730
10.910
11.820
12.660
13.020
13.160
13.130
13.060
13.010
12.890
12.620
12.130
11.390
11.090
11.500
12.350
12.800
12.520
12.280
12.620
13.450
14.050
13.810
12.730
11.450
10.900
11.260
11.820
11.900
11.860
12.360
13.460
14.310
14.120
13.050
11.810
11.250
11.450
12.010
12.420
12.570
12.540
12.460
12.270
12.180
12.410
12.830
13.060
13.010
12.700
12.400
12.250
11.890
11.480
11.520
12.210
12.980
13.270
12.960
12.550
12.450
12.780
13.130
13.130
12.530
11.690
11.320
11.620
12.120
12.350
12.420
12.690
13.320
14.000
14.100
13.330
11.940
10.710
10.260
10.860
12.290
13.770
14.440
14.230
13.400
12.440
11.820
11.540
11.370
11.540
11.970
12.430
12.780
13.220
13.780
14.070
13.610
12.330
10.950
10.590
11.430
12.870
13.900
13.760
12.600
11.510
11.530
12.390
13.460
13.840
13.260
12.120
11.350
11.500
12.270
13.110
13.570
13.450
12.750
11.880
11.450
11.750
12.470
13.000
13.130
12.940
12.770
12.670
12.500
12.120
11.680
11.710
12.440
13.650
14.280
13.720
12.280
11.010
10.760
11.650
12.980
13.780
13.800
13.210
12.680
12.230
12.240
12.630
12.830
12.760
12.520
12.420
12.510
12.710
12.980
13.250
13.590
13.620
13.310
12.670
12.130
12.050
12.330
12.500
12.580
12.640
12.910
13.330
13.650
13.720
13.550
13.260
12.600
11.930
11.660
11.990
12.640
13.210
13.510
13.630
13.630
13.420
13.040
12.620
11.860
11.450
11.960
13.190
14.390
14.720
13.880
12.680
11.870
11.920
12.270
12.480
12.810
13.260
13.750
13.960
13.520
12.840
12.210
12.000
12.300
12.790
13.040
13.210
13.350
13.450
13.290
13.010
12.930
12.900
13.020
12.920
12.680
12.300
12.040
12.110
12.710
13.720
14.780
15.080
14.410
12.870
11.190
10.280
10.910
12.720
14.700
15.340
14.470
12.760
11.890
12.230
12.890
13.000
12.690
12.560
13.010
13.460
13.530
13.160
12.870
12.780
12.830
12.930
12.870
12.710
12.490
12.500
12.630
13.030
13.420
13.940
14.130
13.600
12.480
11.550
11.480
12.400
13.730
14.430
13.940
12.580
11.730
12.200
13.590
14.650
14.440
13.190
11.950
11.570
11.960
12.580
13.190
13.740
14.020
13.890
13.360
12.740
12.350
12.540
13.190
13.630
13.500
13.000
12.570
12.640
13.120
13.620
13.730
13.350
12.760
12.290
12.200
12.680
13.340
13.940
14.150
14.190
13.830
13.040
12.190
11.770
12.080
12.710
13.300
13.690
14.070
14.210
13.810
12.880
11.970
11.800
12.580
13.730
14.520
14.660
14.290
13.450
12.530
11.750
11.470
11.840
12.820
14.000
14.570
14.660
14.290
13.800
13.330
12.730
12.060
11.660
11.890
12.550
13.070
14.150
14.640
15.060
15.070
14.640
14.000
13.360
12.990
12.700
12.580
12.920
13.650
14.130
14.250
14.450
14.630
14.960
15.160
14.780
14.080
13.160
12.500
12.030
12.320
13.270
14.520
15.750
16.240
15.710
14.490
13.480
13.110
13.000
13.100
13.500
14.100
14.650
14.800
14.410
13.970
13.680
13.920
14.650
15.250
14.920
13.670
12.390
12.240
13.170
14.170
14.830
15.050
15.110
14.920
14.460
13.670
13.110
13.400
14.000
14.270
13.980
13.510
13.310
13.700
14.470
15.050
15.080
14.690
14.410
14.560
14.480
13.900
13.050
12.570
13.120
14.150
15.070
15.460
15.380
15.070
14.400
13.510
13.070
13.430
14.050
14.320
14.100
13.980
14.250
14.770
15.250
15.170
14.510
13.590
12.900
12.770
13.490
14.620
15.510
15.520
14.640
13.670
13.410
14.070
14.690
14.910
14.260
13.390
13.000
13.380
14.070
14.620
14.770
14.630
14.450
14.360
14.350
14.120
13.590
13.210
13.280
13.730
14.150
14.490
14.720
14.940
14.990
14.480
13.550
13.030
13.420
14.320
14.840
14.620
13.990
13.590
13.680
14.020
14.460
14.660
14.650
14.470
14.210
13.740
13.310
13.350
13.890
14.610
15.120
15.120
14.730
14.210
13.620
13.130
13.070
13.680
14.730
15.350
15.040
14.130
13.500
13.660
14.590
15.480
15.340
14.230
12.910
12.480
13.130
14.000
14.400
14.380
14.370
14.720
15.290
15.560
15.260
14.390
13.490
12.770
12.610
12.950
13.700
14.620
15.370
15.600
15.310
14.760
14.240
13.940
14.020
14.140
14.070
13.610
13.250
13.800
14.710
15.170
15.070
14.710
14.550
14.470
14.150
13.720
13.490
13.860
14.370
14.680
14.710
14.650
14.600
14.390
13.880
13.300
13.300
14.040
15.090
15.830
15.910
15.370
14.270
12.890
12.030
12.520
14.010
15.440
15.990
15.490
14.670
14.200
14.260
14.730
15.210
15.300
14.760
13.840
12.960
12.670
13.160
14.110
14.950
15.760
16.240
16.460
15.880
14.520
13.320
12.980
13.460
14.300
14.660
14.480
14.060
13.990
14.540
15.260
15.500
14.950
14.450
14.580
15.060
14.880
14.070
13.230
13.440
14.390
15.350
15.560
15.060
14.200
13.680
14.040
14.970
16.050
16.060
15.120
14.070
13.670
13.990
14.760
15.320
15.420
15.000
14.470
14.220
14.400
14.890
15.370
15.550
15.300
14.920
14.440
13.990
13.760
13.840
14.470
15.440
16.180
16.110
15.390
14.430
13.880
13.720
14.220
14.980
15.450
15.430
15.250
15.220
15.140
15.160
14.800
14.410
14.110
14.150
14.610
15.350
15.800
15.860
15.640
15.460
15.140
14.510
13.990
13.790
14.350
14.860
15.180
15.240
15.250
15.490
15.760
15.900
15.380
14.500
13.530
13.240
13.980
15.200
15.920
15.650
14.590
13.660
13.620
14.580
15.890
16.880
16.860
15.680
14.030
12.810
12.510
13.260
14.400
15.570
16.330
16.590
16.200
15.380
14.250
13.730
13.900
14.450
14.720
14.690
14.920
15.270
15.510
15.320
14.780
14.430
14.290
14.350
14.610
15.120
15.700
16.040
15.970
15.300
14.170
13.260
13.280
14.340
15.760
16.550
16.210
14.990
13.980
14.120
15.070
15.840
15.760
14.970
14.130
13.840
14.300
15.310
15.980
15.680
14.560
13.810
14.250
15.470
16.550
16.320
15.060
13.820
13.630
14.350
15.220
15.390
14.710
14.290
14.900
16.070
16.660
16.110
14.820
13.750
13.410
13.870
14.820
15.680
16.050
15.800
15.400
15.240
15.080
14.780
14.390
14.260
14.650
15.310
15.680
15.400
14.680
14.220
14.460
15.530
16.670
17.080
16.290
14.680
13.060
12.360
13.200
14.990
16.570
17.140
16.700
15.870
15.090
14.360
13.870
14.040
14.650
15.140
14.860
14.480
14.720
15.520
16.260
16.420
15.750
14.750
13.970
13.850
14.340
15.080
15.290
15.100
15.060
15.180
15.380
15.600
15.700
15.510
15.170
14.730
14.210
14.020
14.210
14.870
15.310
15.350
15.080
15.220
15.910
16.460
15.970
14.660
13.490
13.420
14.300
15.170
15.590
15.580
15.510
15.640
15.630
15.160
14.460
14.180
14.480
14.880
15.070
14.940
15.200
15.750
16.130
15.920
14.980
14.120
13.950
14.510
15.230
15.570
15.440
15.120
14.960
15.000
15.240
15.610
15.580
15.090
14.580
14.650
15.240
15.660
15.340
14.500
13.960
14.220
15.180
16.370
17.160
16.840
15.480
14.050
13.570
14.020
14.860
15.340
15.230
15.000
15.220
15.920
16.440
16.260
15.510
14.820
14.320
14.160
14.290
14.660
15.170
15.810
16.460
16.590
15.800
14.750
13.880
13.660
14.150
15.420
16.700
17.070
16.260
15.060
14.320
14.280
14.580
14.880
15.360
15.740
15.730
15.170
14.640
14.910
15.590
16.070
16.010
15.450
14.800
14.360
14.380
14.770
15.290
15.780
15.980
15.890
15.460
14.850
14.350
14.240
14.770
16.000
17.030
16.890
15.600
14.180
13.660
13.990
14.460
14.830
15.320
16.260
17.130
17.170
15.940
14.150
13.060
13.720
15.330
16.440
16.410
15.700
15.150
14.990
15.190
15.340
15.290
15.000
14.580
14.380
14.710
15.790
17.000
17.310
16.450
15.160
14.140
13.780
13.870
14.630
15.950
16.970
17.060
15.940
14.590
14.450
15.480
16.690
16.590
15.380
14.170
14.090
14.880
15.790
16.360
16.220
15.650
15.090
14.730
14.910
15.470
16.130
16.360
16.020
15.900
15.210
15.160
15.660
16.290
16.550
16.680
16.780
16.980
17.200
16.970
16.310
15.370
14.610
14.470
15.340
16.840
18.050
18.150
17.510
16.840
16.370
15.970
15.550
14.790
14.530
15.170
16.900
18.190
18.350
17.670
16.920
16.380
15.720
14.830
14.230
14.720
16.560
18.420
19.110
18.210
16.400
15.070
14.770
15.360
16.340
16.870
16.970
16.780
16.470
16.160
16.190
16.320
16.920
17.360
17.250
16.380
15.330
15.070
15.620
16.730
17.430
17.040
16.460
16.060
15.920
15.850
16.070
16.500
16.570
16.240
15.780
15.770
16.350
16.800
16.480
15.820
15.650
16.340
16.970
17.110
16.730
16.060
15.560
15.490
15.780
16.200
16.290
16.190
16.140
16.460
17.080
17.490
17.240
16.240
15.310
15.180
15.770
16.200
16.180
16.120
16.480
16.790
16.790
16.390
16.100
16.130
16.480
16.790
16.710
16.330
15.860
15.540
15.430
15.720
16.190
16.700
17.090
17.300
17.110
16.570
15.930
15.540
15.750
16.420
16.850
16.450
15.570
15.260
15.920
17.070
17.780
17.440
16.460
15.590
15.500
16.020
16.510
16.520
16.250
16.190
16.440
16.610
16.370
16.130
16.060
16.460
16.870
17.020
16.680
16.180
15.770
15.760
16.030
16.300
16.330
16.240
16.470
17.100
17.550
17.100
16.090
15.470
15.840
16.590
16.940
16.410
15.500
15.040
15.490
16.440
17.450
18.170
18.520
18.030
16.570
14.920
14.200
14.890
16.190
16.920
16.940
16.630
16.470
16.570
16.820
17.360
17.710
17.420
16.460
15.410
14.940
15.150
15.810
16.500
17.180
17.490
17.440
16.970
16.430
16.140
16.050
15.990
16.060
16.510
17.080
17.370
17.080
16.540
16.180
15.950
15.470
15.200
15.670
16.690
17.700
18.150
18.060
17.560
16.820
16.210
15.750
15.580
15.620
15.600
15.810
16.410
17.420
18.150
18.100
17.500
16.780
16.520
16.700
16.750
16.220
15.540
15.380
15.880
16.490
16.850
17.380
18.130
18.600
18.080
16.670
15.310
14.800
15.570
16.910
17.760
17.760
17.340
16.710
16.260
16.150
16.430
16.860
17.290
17.480
17.260
16.770
16.290
16.010
16.250
16.840
17.340
17.430
17.270
16.660
16.160
16.180
17.050
17.990
17.980
16.850
15.600
15.150
15.790
17.090
17.970
18.270
18.010
17.590
17.050
16.440
16.070
16.020
16.240
16.400
16.690
17.000
17.250
17.480
17.520
17.470
17.330
16.950
16.410
16.230
16.440
16.820
17.100
17.070
16.660
16.190
16.170
16.640
17.710
18.560
18.430
17.410
15.980
15.050
15.160
16.130
17.500
18.310
18.170
17.430
16.770
16.530
16.640
16.700
16.630
16.410
16.190
16.330
17.010
18.080
18.570
17.950
16.570
15.450
15.190
15.960
17.120
18.060
18.510
18.090
17.240
16.500
16.060
15.970
15.980
16.360
17.190
18.090
18.510
17.780
16.500
15.550
15.840
17.200
18.530
18.810
17.720
16.050
15.150
15.580
16.970
18.070
18.100
17.450
16.920
16.900
17.160
17.200
17.220
17.190
17.230
17.100
16.690
16.000
15.940
17.020
18.570
19.220
18.650
17.170
15.870
15.280
15.820
16.930
17.770
17.960
17.680
17.400
17.310
17.340
17.120
16.570
16.250
16.780
17.970
18.610
17.990
16.690
15.540
15.320
16.070
17.290
18.500
19.230
19.250
18.400
17.130
16.010
15.410
15.410
15.940
16.690
17.740
18.540
18.770
18.410
17.770
17.020
16.250
15.890
16.200
16.890
17.440
17.600
17.360
17.090
16.990
16.950
17.040
17.370
17.890
18.170
17.870
17.120
16.220
15.740
15.890
16.470
17.270
18.025
18.780
18.950
18.440
17.290
15.980
15.170
15.310
16.530
18.120
19.050
18.780
17.640
16.600
16.330
16.770
17.230
17.560
17.580
17.530
17.230
16.880
16.830
17.260
17.750
17.610
16.900
16.480
16.600
17.100
17.820
18.490
18.760
18.340
17.270
16.250
15.750
15.900
16.290
16.790
17.540
18.480
19.280
19.400
18.720
17.310
16.120
15.540
15.820
16.590
17.110
17.410
17.590
17.840
18.080
18.240
18.280
17.960
17.370
16.690
16.380
16.400
16.650
16.980
17.280
17.390
17.410
17.600
18.050
18.490
18.540
17.930
17.000
16.290
16.070
16.380
16.930
17.410
17.720
17.980
18.040
17.920
17.760
17.560
17.270
16.850
16.560
16.670
17.240
17.690
17.950
18.120
18.180
17.900
17.200
16.470
16.190
16.430
16.770
17.220
17.900
18.660
18.960
18.470
17.540
16.810
16.580
16.680
16.750
16.760
16.890
17.380
18.020
18.450
18.380
17.910
17.480
17.280
17.160
17.050
17.030
17.140
17.140
17.380
17.950
18.430
18.210
17.270
16.400
16.360
17.320
18.500
19.020
18.430
17.250
16.360
16.430
17.270
18.040
18.250
17.920
17.630
17.430
17.190
16.880
17.080
17.960
18.760
18.680
17.670
16.660
16.390
16.770
17.310
17.770
18.170
18.330
18.270
18.130
17.950
17.660
17.190
16.760
16.260
16.230
16.920
18.140
19.120
19.480
19.110
18.250
17.170
16.340
16.080
16.620
17.800
18.900
18.840
17.740
16.380
16.150
17.180
18.740
19.770
19.700
18.630
17.100
15.640
15.170
16.020
17.750
19.220
19.730
19.390
18.640
17.810
17.120
16.750
16.730
17.070
17.650
18.160
18.190
17.780
17.540
17.610
17.830
18.070
18.310
18.240
17.980
17.480
17.100
17.110
17.520
17.790
17.830
17.650
17.640
17.840
18.250
18.670
18.620
18.050
17.150
16.640
16.760
17.560
18.280
18.550
18.090
17.340
17.040
17.280
17.770
18.200
18.430
18.450
18.220
17.630
16.960
16.560
17.000
17.960
18.670
18.480
17.660
16.940
16.900
17.500
18.450
19.110
19.050
18.300
17.400
16.850
16.780
16.940
17.300
17.720
18.200
18.650
18.860
18.630
17.940
17.060
16.580
16.830
17.730
18.580
18.880
18.520
18.060
17.880
17.680
17.310
16.840
16.750
17.150
18.060
19.110
19.580
19.130
18.130
17.270
17.190
17.670
17.690
17.050
16.240
16.340
17.660
19.520
20.720
20.420
18.860
17.110
15.970
15.680
16.260
17.430
18.570
19.170
18.980
18.320
17.810
17.730
17.810
17.740
17.870
18.330
18.650
18.440
17.480
16.410
15.880
16.590
18.280
19.830
20.360
19.790
18.740
17.570
16.680
16.340
16.740
17.590
18.140
18.120
17.800
17.900
18.400
19.050
19.470
19.260
18.190
16.920
16.200
16.500
17.440
18.220
18.420
18.240
18.180
18.500
18.840
18.760
18.320
17.710
17.340
17.320
17.310
17.310
17.500
18.200
19.020
19.360
18.830
17.830
16.980
17.110
18.090
18.750
18.280
17.470
17.250
18.030
19.040
19.150
18.160
17.120
16.760
17.200
18.070
18.720
19.080
18.900
18.530
18.210
17.720
17.180
16.970
17.490
18.510
19.380
19.290
18.270
17.080
16.750
17.310
18.030
18.480
18.690
18.820
18.820
18.400
17.770
17.290
17.340
17.860
18.400
18.290
17.510
16.960
17.500
18.840
19.940
20.000
19.250
18.010
17.010
16.640
16.670
17.020
17.640
18.280
18.760
19.140
19.450
19.500
19.270
18.590
17.450
16.380
16.010
16.410
17.350
18.570
19.630
20.010
19.420
18.350
17.710
17.730
18.040
18.200
18.090
17.790
17.370
17.070
17.300
17.990
18.720
19.230
19.370
19.200
18.770
18.130
17.350
16.850
17.100
17.950
18.500
18.540
18.320
18.200
18.300
18.520
18.630
18.400
18.060
17.950
18.180
18.430
18.300
17.660
17.150
17.410
18.310
19.260
19.620
19.240
18.350
17.650
17.360
17.400
17.740
18.140
18.430
18.400
18.180
18.090
18.370
19.010
19.350
19.030
17.920
16.800
16.700
17.640
18.900
19.500
19.150
18.210
17.350
17.150
17.630
18.470
19.250
19.410
18.970
18.260
17.480
16.960
16.890
17.540
18.590
19.390
19.390
18.950
18.370
17.970
17.720
17.610
17.730
18.120
18.500
18.580
18.240
17.990
18.080
18.340
18.630
18.820
18.640
18.040
17.560
17.680
18.360
18.930
19.000
18.630
18.050
17.320
16.960
17.310
18.390
19.600
20.210
19.880
18.910
17.740
16.950
16.840
17.330
17.950
18.260
18.350
18.610
19.150
19.550
19.450
18.720
17.780
17.110
17.070
17.570
18.170
18.750
18.860
18.460
17.840
17.910
18.770
19.700
19.700
18.790
17.740
17.080
16.840
16.760
17.200
18.320
19.650
20.450
20.340
19.350
18.220
17.410
17.030
16.940
17.160
17.720
18.260
18.630
18.630
18.920
19.500
19.770
19.060
17.620
16.620
16.890
18.060
19.190
19.480
18.770
17.810
17.220
17.450
18.260
18.940
19.270
19.170
18.720
18.230
18.170
18.430
18.560
18.180
17.430
17.100
17.450
18.070
18.600
19.150
19.770
20.260
20.050
19.000
17.460
16.250
15.990
16.830
18.080
19.060
19.570
19.840
19.780
19.250
18.520
17.890
17.600
17.380
17.280
17.550
18.260
18.990
19.320
19.150
18.710
18.150
17.670
17.640
18.240
18.990
19.100
18.410
17.770
17.650
18.140
18.500
18.330
18.060
18.110
18.540
19.050
19.160
18.800
18.170
17.710
17.860
18.380
18.650
18.180
17.370
17.230
18.020
19.220
19.820
19.390
18.460
18.010
18.280
18.800
18.850
17.950
16.680
16.060
16.820
18.620
19.990
20.020
19.200
18.620
18.690
18.910
18.580
17.770
16.830
16.470
16.920
17.800
18.580
19.160
19.500
19.500
19.230
18.690
17.950
17.420
17.500
17.960
18.120
17.740
17.450
17.650
18.300
18.910
19.140
19.190
19.110
18.820
18.230
17.510
17.170
17.410
17.940
18.220
18.120
18.040
18.260
18.850
19.690
19.920
19.060
17.930
17.180
16.970
16.920
17.160
18.130
19.520
20.310
19.830
18.310
16.950
16.650
17.590
19.020
19.820
19.410
18.310
17.430
17.360
17.640
17.950
18.080
18.360
18.780
19.040
18.900
18.440
17.980
17.750
17.870
17.990
18.060
17.990
18.120
18.580
19.020
19.060
18.560
17.760
17.290
17.660
18.360
18.600
18.340
18.130
18.220
18.320
18.420
18.550
18.700
18.560
18.140
17.630
17.400
17.610
18.070
18.520
18.930
19.240
18.920
17.940
17.140
17.320
18.430
19.400
19.330
18.220
17.260
17.220
17.970
18.450
18.510
18.480
18.730
19.200
19.160
18.600
18.020
17.930
18.240
18.270
17.790
17.350
17.390
18.130
19.280
20.290
20.280
19.170
17.840
17.100
17.060
17.230
17.490
17.830
18.410
19.260
19.970
20.200
19.610
18.340
17.100
16.600
16.730
17.090
17.580
18.660
19.730
19.950
19.240
18.310
17.880
17.750
17.480
17.030
16.940
17.590
18.570
19.400
19.660
19.190
18.180
17.250
17.000
17.480
17.960
18.060
18.080
18.550
19.100
19.190
18.700
17.950
17.490
17.500
17.810
17.990
17.900
17.860
18.140
18.750
19.540
19.830
19.330
17.950
16.590
16.060
16.810
16.550
17.340
17.650
17.910
18.220
18.220
17.350
15.800
14.670
14.740
15.830
17.070
17.750
17.710
17.180
16.800
16.920
17.250
17.490
17.050
16.310
15.590
15.310
15.380
15.860
16.810
17.930
18.180
17.600
16.880
16.600
16.470
16.170
15.880
15.950
16.330
16.460
16.250
16.280
16.720
17.250
17.390
17.250
17.070
16.750
16.600
16.400
16.060
15.770
15.850
16.370
17.040
17.370
17.290
17.180
16.920
16.490
16.360
16.360
16.570
16.680
16.670
16.730
16.780
16.740
16.760
16.750
16.640
16.400
16.510
17.180
17.660
17.370
16.520
15.660
15.470
16.000
16.920
17.770
17.830
17.110
16.230
15.850
16.180
16.760
17.220
17.330
16.960
16.190
15.690
15.990
16.600
16.990
16.880
16.550
16.560
16.840
17.070
17.100
16.850
16.540
16.160
15.980
16.080
16.590
17.090
17.240
16.700
16.260
16.270
16.450
16.540
16.680
17.000
17.290
17.340
16.960
16.240
15.720
16.000
16.600
17.020
16.780
16.260
16.070
16.570
17.490
17.960
17.460
16.400
15.620
15.720
16.330
16.590
16.330
16.250
16.700
17.510
17.730
17.130
16.230
15.650
15.740
16.380
17.250
18.020
17.990
16.940
15.580
14.860
15.170
16.170
17.150
17.490
17.410
17.330
17.420
17.270
16.880
16.290
15.870
15.730
15.660
15.530
15.750
16.360
17.190
17.760
17.880
17.760
17.380
16.720
16.020
15.700
15.690
15.610
15.390
15.730
16.740
17.880
18.340
17.980
17.070
16.100
15.520
15.430
15.870
16.640
17.370
17.490
17.000
16.370
16.000
15.710
15.650
16.140
17.000
17.650
17.460
16.660
16.080
15.980
16.190
16.600
16.910
16.880
16.450
15.840
15.530
16.030
17.160
17.840
17.520
16.630
15.940
15.980
16.250
16.280
15.860
15.590
16.140
17.280
18.250
18.060
16.660
15.290
14.940
15.610
16.550
17.080
17.090
16.810
16.610
16.510
16.470
16.390
16.300
16.370
16.430
16.360
16.250
16.450
16.790
16.810
16.640
16.530
16.700
16.920
16.870
16.490
15.880
15.290
15.350
16.320
17.560
18.120
17.690
16.720
16.050
15.900
16.070
16.180
16.130
16.050
16.240
16.730
17.150
17.210
17.000
16.550
15.920
15.370
15.510
16.270
17.000
17.250
17.080
16.820
16.370
15.850
15.670
16.010
16.390
16.540
16.440
16.420
16.560
16.650
16.750
16.740
16.460
15.810
15.260
15.580
16.620
17.610
17.840
16.990
15.730
15.200
15.460
16.180
16.760
16.880
16.460
16.150
16.290
16.780
17.080
16.800
16.260
15.650
15.490
16.080
17.130
17.710
17.060
15.500
14.360
14.640
16.180
17.990
18.900
18.570
17.110
15.350
14.310
14.250
15.120
16.440
17.280
17.310
16.960
16.710
16.690
16.620
16.330
15.740
15.300
15.200
15.530
16.360
17.320
17.790
17.600
16.790
15.710
15.030
14.870
15.370
16.240
17.160
17.540
17.120
16.490
16.040
15.700
15.550
15.700
16.090
16.460
16.800
16.800
16.280
15.560
15.130
15.430
16.390
17.520
18.270
17.950
16.430
14.560
13.650
14.440
16.180
17.770
18.290
17.630
16.280
15.110
14.650
15.040
15.920
16.980
17.540
17.260
16.310
15.170
14.510
14.680
15.540
16.560
17.120
17.040
16.740
16.590
16.630
16.250
15.310
14.480
14.620
15.740
16.710
16.910
16.600
16.170
15.890
15.850
16.010
16.440
16.860
16.640
15.690
14.760
14.620
15.170
16.130
17.100
17.700
17.710
16.820
15.610
14.640
14.460
14.730
15.380
16.090
16.430
16.490
16.560
16.510
16.470
16.060
15.340
14.670
14.720
15.540
16.550
16.990
16.670
16.060
15.700
15.990
16.570
16.790
16.400
15.670
14.770
14.270
14.630
16.050
17.920
18.900
18.290
16.660
15.190
14.500
14.590
14.810
14.910
15.180
16.090
17.720
19.010
18.740
17.010
15.080
14.140
14.260
15.030
15.740
16.060
15.970
15.870
16.410
17.260
17.540
16.950
16.100
15.550
15.320
15.200
14.950
15.040
15.710
16.730
17.080
16.570
15.760
15.430
15.790
16.520
16.910
16.720
15.920
15.040
14.870
15.440
15.970
16.160
16.070
16.050
16.180
16.260
16.140
15.970
15.940
15.890
15.590
15.380
15.540
15.890
16.050
15.940
15.810
15.860
16.030
16.130
16.050
15.820
15.620
15.570
15.630
15.820
16.010
16.350
16.360
15.910
15.350
15.140
15.500
16.120
16.670
16.740
16.160
15.430
15.280
15.610
15.930
15.840
15.540
15.560
15.830
15.990
16.150
16.260
16.500
16.580
16.220
15.560
14.900
14.790
15.290
16.030
16.430
16.320
16.110
15.960
15.910
15.690
15.410
15.430
15.970
16.690
17.150
16.780
15.570
14.430
13.910
14.390
15.630
17.000
17.800
17.590
16.610
15.540
14.910
14.980
15.100
15.270
15.620
15.950
15.980
15.730
15.660
15.970
16.390
16.640
16.170
15.430
15.120
15.310
15.460
15.570
15.710
15.990
16.190
16.010
15.730
15.580
15.540
15.720
15.920
16.100
16.130
16.210
16.090
15.640
14.950
14.610
15.300
16.360
16.980
16.350
15.230
14.810
15.390
16.170
16.550
16.340
15.900
15.490
15.200
14.980
15.010
15.510
16.440
16.960
16.580
15.440
14.430
14.440
15.590
16.800
17.000
16.140
15.100
14.540
14.530
14.690
15.380
16.410
17.310
17.370
16.580
15.500
14.880
14.810
14.880
14.800
14.950
15.540
16.170
16.380
16.130
15.900
15.900
16.130
16.280
15.990
15.180
14.210
13.980
14.880
16.330
17.190
16.940
15.940
14.840
14.370
14.890
15.890
16.700
16.660
16.020
15.150
14.650
14.650
15.010
15.530
16.070
16.280
15.870
15.210
15.070
15.650
16.370
16.270
15.470
14.720
14.790
15.510
16.140
16.070
15.320
14.490
14.270
14.810
15.630
16.490
17.150
17.310
16.560
15.150
13.770
13.410
14.130
15.320
16.000
16.070
15.930
16.040
16.260
16.410
16.230
15.660
14.770
13.960
13.850
14.560
15.580
16.350
16.560
16.450
16.040
15.680
15.490
15.300
14.720
14.230
14.440
15.480
16.640
16.770
15.930
15.120
15.230
15.850
15.970
15.380
14.740
14.640
15.290
16.280
16.870
16.360
15.090
14.030
14.100
15.110
16.160
16.620
16.590
16.450
16.020
15.320
14.510
14.140
14.450
15.360
16.320
16.770
16.340
15.360
14.560
14.540
15.330
16.400
16.900
16.580
15.740
14.980
14.250
13.800
13.930
15.300
17.170
18.090
17.440
15.820
14.520
14.200
14.630
15.310
15.700
15.470
15.120
14.980
15.270
15.870
16.470
16.780
16.440
15.660
14.940
14.790
15.010
15.090
14.680
14.150
14.260
15.460
17.050
17.890
17.510
16.490
15.520
14.790
14.250
13.830
13.680
14.150
15.230
16.440
17.030
16.720
16.030
15.520
15.300
15.010
14.640
14.270
14.300
15.070
16.100
16.720
16.340
15.280
14.280
14.050
14.560
15.180
15.540
15.710
16.100
16.540
16.690
16.140
14.940
13.530
12.850
13.520
15.030
16.470
17.010
16.800
16.090
15.520
15.030
14.760
14.710
14.900
15.140
15.190
15.040
14.860
14.910
15.160
15.740
16.250
16.160
15.490
14.820
14.860
15.310
15.820
15.770
15.000
14.200
14.060
14.750
15.620
16.160
16.210
15.830
15.350
15.040
14.780
14.570
14.690
15.290
16.100
16.210
15.220
14.030
13.530
14.170
15.520
16.650
16.920
16.200
15.070
14.370
14.490
15.070
15.440
15.000
13.990
13.480
14.210
15.880
17.210
17.280
16.290
15.260
14.840
14.680
14.140
13.410
13.210
13.880
15.130
16.340
16.870
16.750
16.170
15.450
14.730
14.260
14.230
14.570
14.550
14.100
13.920
14.570
15.730
16.590
16.450
15.570
14.650
14.350
14.790
15.250
15.040
14.290
13.870
14.280
15.130
15.710
15.820
15.680
15.290
14.630
14.060
14.080
14.790
15.610
15.780
15.130
14.270
14.000
14.570
15.400
15.760
15.290
14.580
14.300
14.510
14.910
15.320
15.410
14.970
14.500
14.370
14.660
14.990
14.890
14.570
14.390
14.710
15.490
16.190
16.220
15.240
13.850
12.880
12.880
13.670
14.890
16.090
16.890
17.040
16.200
14.740
13.270
12.590
13.080
14.150
15.240
15.540
15.590
15.820
16.010
15.600
14.940
14.410
14.400
14.590
14.520
14.300
14.240
14.650
15.240
15.770
15.970
15.750
15.250
14.660
14.360
14.630
15.090
14.940
14.160
13.480
14.000
15.480
16.720
16.810
15.850
14.630
13.840
13.870
14.540
15.130
15.140
14.660
14.370
14.610
15.130
15.440
15.350
15.090
15.190
15.450
15.390
14.740
13.690
13.230
13.760
14.910
16.000
16.580
16.280
15.230
14.110
13.740
14.140
14.910
15.360
15.000
14.310
14.110
14.610
15.380
15.820
15.470
14.620
13.950
13.960
14.500
15.180
15.580
15.410
15.090
14.880
14.530
14.010
13.640
13.780
14.440
15.250
16.080
16.410
16.030
14.990
14.070
13.660
13.860
14.120
14.170
14.210
14.750
15.590
16.450
16.610
15.710
14.290
13.300
13.210
13.830
14.700
15.290
15.300
15.120
14.900
14.750
14.660
14.600
14.660
14.910
15.270
15.380
14.880
13.990
13.430
13.690
14.500
15.240
15.580
15.470
15.060
14.630
14.430
14.570
14.900
15.090
14.900
14.310
13.590
13.280
13.780
14.810
15.830
16.210
15.740
14.890
14.270
14.190
14.380
14.470
14.130
13.710
13.680
14.130
14.810
15.350
15.600
15.700
15.520
15.120
14.400
13.740
13.310
13.370
13.780
14.350
14.890
15.320
15.650
15.740
15.280
14.580
14.010
13.570
13.430
13.630
14.320
15.240
15.930
15.800
14.830
13.680
13.150
13.790
14.860
15.540
15.360
14.750
14.340
14.270
14.340
14.410
14.290
14.120
14.080
14.260
14.590
14.800
15.040
14.980
14.670
14.340
14.010
13.800
14.020
14.750
15.570
15.560
14.550
13.200
12.640
13.450
14.800
15.570
15.290
14.590
14.420
15.090
15.640
15.140
13.870
12.910
12.680
13.250
14.260
14.990
15.240
15.230
15.170
15.060
14.870
14.550
14.330
14.130
13.750
13.370
13.310
13.770
14.460
15.030
15.210
15.210
15.260
15.160
14.920
14.380
13.710
13.130
13.000
13.370
14.010
14.640
15.060
15.350
15.590
15.640
15.080
14.200
13.590
13.550
13.670
13.620
13.560
13.750
14.300
14.920
15.330
15.400
15.180
14.750
14.250
13.890
13.790
13.840
13.820
13.540
13.150
13.310
14.430
15.980
17.080
16.920
15.430
13.480
12.030
11.830
12.650
13.920
14.920
15.440
15.390
15.030
14.610
14.300
14.290
14.390
14.460
14.320
13.880
13.380
13.140
13.520
14.590
15.730
15.930
14.910
13.530
13.000
13.710
15.060
15.730
15.020
13.730
12.840
12.950
13.760
14.870
15.600
15.520
14.690
13.780
13.450
13.640
13.960
14.140
14.260
14.360
14.510
14.440
14.320
14.150
14.170
14.380
14.550
14.450
14.050
13.800
13.890
14.020
13.890
13.670
13.890
14.620
15.120
14.850
14.170
13.640
13.510
13.820
14.330
14.670
14.590
13.900
13.200
13.030
13.520
14.370
14.990
15.210
15.150
14.720
14.070
13.270
12.610
12.450
12.920
13.910
15.110
15.890
15.720
14.640
13.390
12.980
13.510
14.170
14.590
14.140
13.150
12.340
12.280
13.030
14.260
15.400
15.780
15.060
14.010
13.220
13.020
13.120
13.040
12.600
12.620
13.480
14.670
15.290
14.960
14.090
13.510
13.420
13.550
13.650
13.610
13.480
13.400
13.530
13.660
13.530
13.280
13.220
13.680
14.660
15.630
15.780
14.660
12.680
11.190
11.370
13.000
14.650
15.220
14.930
14.250
13.720
13.410
13.310
13.460
13.720
13.930
13.810
13.480
13.250
13.320
13.480
13.420
13.550
14.050
14.730
14.940
14.330
13.340
12.530
12.330
12.800
13.410
13.820
14.010
14.150
14.310
14.320
13.920
13.380
12.980
12.640
12.550
13.000
13.920
14.780
14.910
14.290
13.400
12.810
12.790
12.960
12.890
12.790
13.110
13.940
14.870
15.400
15.130
13.970
12.540
11.650
11.660
12.400
13.450
14.350
14.600
14.270
13.840
13.660
13.710
14.020
14.130
13.810
13.170
12.470
11.950
11.860
12.330
13.240
14.420
15.580
16.140
15.650
14.310
12.750
11.610
11.120
11.260
12.110
13.250
14.310
14.960
15.320
15.390
14.920
13.670
12.160
11.240
11.450
12.300
13.440
14.450
14.970
14.800
13.930
12.870
12.170
12.230
13.060
14.070
14.370
13.820
12.920
12.390
12.700
13.510
13.920
13.590
13.150
13.110
13.390
13.570
13.760
13.830
13.590
12.870
12.150
12.200
12.880
13.680
14.250
14.460
14.340
13.820
13.010
12.140
11.830
12.520
13.750
14.420
14.130
13.300
12.660
12.780
13.260
13.690
13.840
13.670
13.480
13.380
13.270
13.210
13.180
13.360
13.510
13.310
13.080
13.010
13.090
13.400
13.740
13.950
13.880
13.630
13.410
13.070
12.880
12.800
12.900
13.130
13.380
13.760
14.040
13.950
13.450
13.210
13.500
13.890
13.730
12.930
12.080
11.910
12.720
14.010
14.970
14.730
13.690
12.710
12.530
13.020
13.490
13.630
13.370
12.900
12.410
12.320
12.890
13.800
14.160
13.660
13.170
13.380
13.980
14.130
13.490
12.390
11.680
11.790
12.640
13.640
14.040
13.780
13.520
13.740
14.400
14.580
13.700
11.700
9.900
10.140
12.600
15.540
16.760
15.610
13.330
11.930
12.110
13.140
13.650
13.130
12.020
11.520
12.140
13.540
14.580
14.600
13.960
13.640
13.560
13.310
12.680
11.980
11.630
12.000
13.010
13.920
14.270
13.990
13.570
13.280
13.010
12.530
12.260
12.470
13.080
13.630
13.740
13.520
13.030
12.420
11.970
11.990
12.860
14.000
14.450
13.890
12.940
12.410
12.510
12.760
12.600
12.450
12.560
13.040
13.520
13.640
13.510
13.320
13.140
12.690
12.130
11.760
12.140
13.420
14.680
14.890
13.570
11.660
10.750
11.550
13.330
14.480
14.120
12.940
12.130
12.350
13.170
13.640
13.700
13.310
12.650
11.900
11.410
11.590
12.500
13.730
14.580
14.490
13.630
12.570
11.950
11.910
12.320
12.730
12.910
12.770
12.700
12.880
13.170
13.360
13.350
13.090
12.610
12.280
12.380
12.670
12.810
12.760
12.790
13.090
13.110
12.750
12.470
12.550
12.780
13.040
13.190
12.980
12.390
12.030
12.480
13.260
13.670
13.190
12.190
11.460
11.550
12.420
13.490
14.160
13.920
13.050
12.380
12.310
12.490
12.480
12.330
12.280
12.390
12.560
12.640
12.770
13.130
13.490
13.330
12.880
12.600
12.750
12.870
12.460
11.700
11.420
11.990
12.990
13.560
13.380
12.850
12.700
13.090
13.400
13.110
12.290
11.510
11.360
12.120
13.030
13.380
13.130
12.700
12.450
12.340
12.570
13.070
13.650
13.760
13.280
12.510
11.760
11.260
11.150
11.720
12.840
13.800
13.810
13.090
12.430
12.410
12.890
13.330
13.190
12.500
11.690
11.340
11.570
12.040
12.260
12.430
13.060
14.000
14.550
14.090
12.840
11.740
11.050
10.670
10.900
11.890
13.290
14.100
13.870
13.010
12.290
12.080
12.240
12.610
12.870
12.730
12.160
11.640
11.570
12.110
12.750
12.940
12.880
12.600
12.790
13.440
13.920
13.790
12.800
11.470
10.730
11.070
12.070
12.920
13.200
13.190
13.330
13.630
13.650
13.330
12.640
11.910
11.420
11.260
11.510
12.210
13.010
13.500
13.560
13.450
13.310
13.100
12.570
11.880
11.510
11.780
12.510
13.210
13.310
12.750
12.100
12.000
12.310
12.800
13.110
13.140
12.880
12.730
12.910
13.030
12.700
12.020
11.460
11.380
11.680
12.200
12.790
13.560
14.240
14.260
13.440
12.250
11.380
11.230
11.610
12.110
12.560
13.050
13.350
13.040
12.280
11.830
12.230
13.130
13.740
13.790
13.260
12.220
11.010
10.530
11.250
12.620
13.560
13.400
12.500
12.030
12.610
13.680
14.170
13.510
12.260
11.490
11.350
11.490
11.510
11.470
11.860
12.830
14.060
14.800
14.660
13.740
12.430
11.330
10.770
10.640
11.080
11.930
12.910
13.650
13.620
12.880
12.170
12.160
12.670
12.950
12.730
12.220
11.850
11.790
11.980
12.180
12.310
12.360
12.440
12.590
12.680
12.900
13.140
12.960
12.310
11.570
11.330
11.650
12.100
12.390
12.510
12.790
13.070
13.240
13.070
12.520
11.670
10.850
10.770
11.850
13.380
14.080
13.350
12.060
11.240
11.540
12.330
12.850
12.830
12.550
12.370
12.420
12.530
12.570
12.350
11.830
11.330
10.970
11.230
12.320
13.660
14.220
13.910
13.280
12.450
11.920
11.480
11.100
10.960
11.500
12.440
13.260
13.520
13.520
13.350
12.980
12.400
11.830
11.610
11.980
12.570
12.860
12.710
12.390
12.250
12.500
12.830
12.750
12.360
12.100
12.360
13.080
13.730
13.490
12.450
11.300
10.710
11.000
12.010
13.380
14.430
14.500
13.600
12.400
11.610
11.440
11.730
12.010
12.050
12.100
12.480
13.050
13.320
13.010
12.270
11.690
12.020
13.290
14.360
14.100
12.390
10.460
9.550
10.340
12.130
13.920
14.980
15.000
14.210
12.810
11.330
10.460
10.600
11.510
12.330
12.770
12.780
12.660
12.830
13.220
13.520
13.500
12.820
11.810
11.120
11.030
11.410
11.880
12.320
12.960
13.790
14.260
13.740
12.480
11.530
11.520
11.960
12.270
12.030
11.600
11.680
12.330
13.030
13.320
13.340
13.410
13.490
13.250
12.230
10.830
10.010
10.340
11.570
12.990
14.130
14.640
14.490
13.530
12.080
10.790
10.370
10.880
11.810
12.750
13.310
13.450
13.100
12.480
12.020
11.960
12.260
12.590
12.580
12.160
11.840
11.960
12.150
12.210
12.330
12.730
13.050
12.860
12.340
11.940
12.030
12.330
12.440
12.360
12.200
12.180
12.300
12.540
12.740
12.800
12.640
12.340
12.060
11.750
11.430
11.260
11.830
13.170
14.610
15.100
14.110
12.010
10.160
9.690
10.530
11.800
12.560
12.710
12.980
13.720
14.420
14.430
13.490
12.010
10.580
9.810
10.130
11.250
12.570
13.430
13.710
13.620
13.380
12.930
12.430
12.060
11.850
11.960
12.100
12.070
11.640
11.350
11.630
12.340
13.150
13.660
13.850
13.840
13.580
12.650
11.280
10.060
9.880
10.940
12.790
14.040
14.060
13.370
12.890
12.980
12.950
12.360
11.470
10.980
11.070
11.650
12.290
12.950
13.320
13.250
12.760
12.160
11.730
11.880
12.420
12.750
12.720
12.400
12.000
11.880
11.970
12.260
12.570
12.570
12.510
12.500
12.790
13.160
13.060
12.240
11.140
10.760
11.460
12.770
13.680
13.600
12.880
12.140
11.770
11.900
12.250
12.510
12.570
12.590
12.280
11.750
11.340
11.470
12.150
13.050
13.620
13.470
12.560
11.520
11.060
11.460
12.200
12.820
12.860
12.330
11.640
11.600
12.250
13.140
13.380
12.770
11.740
11.250
11.650
12.350
12.750
12.670
12.450
12.290
12.110
11.910
11.770
11.720
12.020
12.670
13.400
13.730
13.260
12.310
11.330
10.830
11.050
11.730
12.550
13.060
13.170
12.970
12.560
11.930
11.460
11.570
12.340
13.080
13.340
12.880
12.060
11.410
11.370
11.600
11.860
12.100
12.510
12.870
12.920
12.610
12.340
12.430
12.600
12.480
11.920
11.800
11.830
12.330
12.780
12.790
12.340
12.230
12.640
13.380
13.600
13.320
12.740
12.000
11.450
11.320
11.830
12.800
13.520
13.610
13.110
12.540
12.330
12.480
12.520
12.400
12.320
12.200
12.000
12.000
12.280
12.900
13.460
13.650
13.250
12.610
11.880
11.540
11.720
12.330
12.760
12.880
12.750
12.570
12.630
12.850
12.950
12.820
12.480
11.900
11.530
11.690
12.180
12.790
13.260
13.550
13.510
13.130
12.420
11.820
11.750
12.130
12.340
12.120
11.730
11.950
12.860
13.940
14.320
13.810
12.700
11.630
11.070
11.370
12.140
13.110
13.600
13.380
12.780
12.160
11.940
12.260
12.840
13.000
12.680
12.140
11.970
12.340
12.730
12.880
12.960
13.060
12.960
12.360
11.460
11.110
12.000
13.390
14.160
13.570
12.180
11.200
11.390
12.260
13.040
13.320
13.170
12.930
12.680
12.430
12.170
11.840
11.700
11.910
12.620
13.300
13.300
12.610
11.910
11.850
12.460
13.250
13.730
13.520
12.610
11.350
10.500
10.720
12.140
13.760
14.660
14.500
13.460
12.170
11.110
10.960
11.710
12.510
12.910
12.740
12.370
12.340
12.800
13.290
13.370
12.920
12.090
11.350
11.370
12.230
13.360
13.940
13.650
12.530
11.270
10.700
11.370
12.720
13.750
13.810
13.280
12.540
12.190
12.200
12.500
12.690
12.610
12.170
11.680
11.510
12.000
12.860
13.450
13.380
12.900
12.470
12.300
12.150
12.010
12.060
12.340
12.570
12.730
12.830
12.870
12.690
12.120
11.600
11.490
12.040
12.790
13.190
13.000
12.530
12.370
12.550
12.940
13.030
12.670
11.790
10.980
10.760
11.500
12.930
13.940
13.960
13.320
12.770
12.480
12.180
11.580
11.220
11.450
12.040
12.630
12.840
12.880
13.000
12.920
12.580
12.180
12.120
12.420
12.510
11.880
11.100
11.310
12.590
13.960
14.170
13.180
12.050
11.570
11.720
12.120
12.490
12.520
12.290
12.010
12.180
13.010
13.830
13.760
12.670
11.140
10.350
10.860
12.310
13.810
14.440
13.810
12.490
11.330
11.030
11.580
12.360
12.840
12.660
12.360
12.500
12.990
13.400
13.170
12.500
11.990
11.880
12.010
12.090
11.950
12.040
12.530
13.150
13.550
13.490
13.030
12.430
11.880
11.670
11.950
12.440
12.670
12.630
12.480
12.580
12.780
12.820
12.540
12.170
12.150
12.750
13.620
13.920
13.070
11.450
10.510
11.040
12.590
13.990
14.530
14.110
13.100
11.880
11.100
11.130
11.880
12.850
13.580
13.760
13.310
12.580
12.170
12.340
12.780
12.920
12.450
11.850
11.680
12.130
12.740
13.280
13.560
13.550
13.240
12.710
12.270
11.980
11.810
11.710
11.870
12.490
13.390
13.990
13.880
13.060
12.040
11.470
11.690
12.520
13.150
13.130
12.610
12.300
12.380
12.730
13.000
12.900
12.540
12.240
12.200
12.530
12.960
13.250
13.190
12.740
12.130
11.710
11.760
12.250
12.820
13.340
13.510
13.260
12.850
12.620
12.490
12.370
12.070
11.670
11.720
12.280
12.870
13.190
13.230
13.150
12.950
12.640
12.330
12.050
11.970
12.240
12.760
13.160
13.130
12.430
11.710
11.580
12.180
13.070
13.670
13.620
13.040
12.340
11.840
11.850
12.180
12.450
12.590
12.680
12.760
12.810
12.700
12.300
12.180
12.720
13.300
13.250
12.500
11.920
11.970
12.440
12.720
12.530
12.260
12.360
12.890
13.240
13.200
12.860
12.690
12.840
12.990
12.560
11.620
11.000
11.380
12.670
13.870
14.060
13.300
12.550
12.670
13.280
13.400
12.870
12.070
11.450
11.160
11.180
11.690
12.770
13.820
14.270
14.020
13.550
13.100
12.790
12.450
11.820
11.050
10.690
11.370
12.670
13.770
14.060
13.740
13.220
12.730
12.370
12.390
12.680
12.980
12.970
12.350
11.250
10.580
10.990
12.520
14.260
15.120
14.650
13.400
12.100
11.350
11.430
11.960
12.450
12.440
12.100
11.930
12.190
12.790
13.350
13.620
13.470
12.980
12.350
12.030
12.000
12.200
12.490
12.380
11.900
11.520
11.850
12.790
13.540
13.540
13.210
12.810
12.520
12.270
12.060
11.940
11.900
12.060
12.350
12.590
12.480
12.210
12.470
13.060
13.550
13.440
12.910
12.370
12.050
11.690
11.330
11.490
12.190
12.860
13.220
13.250
13.310
13.200
12.890
12.230
11.600
11.190
11.410
12.200
13.110
13.580
13.400
12.710
12.200
12.000
12.030
12.030
12.010
12.160
12.610
13.220
13.590
13.530
12.930
11.900
10.960
10.740
11.470
12.620
13.560
13.900
13.700
13.010
12.080
11.420
11.540
12.460
13.160
12.990
12.250
11.680
11.480
11.730
12.520
13.520
14.130
13.920
13.010
11.880
11.270
11.370
11.600
11.650
11.920
12.730
13.650
14.120
13.760
12.740
11.640
11.200
11.630
12.330
12.670
12.770
12.900
12.980
12.640
11.850
11.380
11.830
12.960
13.750
13.550
12.590
11.900
12.010
12.700
13.050
12.410
11.390
11.030
11.790
12.990
13.560
13.340
12.800
12.520
12.640
13.050
13.110
12.360
11.020
10.200
10.710
12.370
14.090
14.730
14.060
12.840
12.000
11.680
11.760
11.980
12.320
12.530
12.440
12.330
12.440
12.570
12.490
12.320
12.320
12.430
12.460
12.490
12.750
13.190
13.250
12.800
12.020
11.430
11.420
11.810
12.320
12.750
13.080
13.250
13.130
12.700
12.250
12.330
12.830
13.060
12.480
11.430
10.700
11.030
12.340
13.710
14.500
14.190
13.240
12.240
11.580
11.120
11.160
11.710
12.610
13.300
13.360
12.740
11.980
11.790
12.390
13.060
13.180
12.870
12.500
12.120
11.760
11.660
12.020
12.730
13.220
13.020
12.090
11.310
