0.478228534871331
1.05041760843506
1.89372265382029
0.679642471521586
0.916937455642487
0.301318597938612
-0.500280785177348
-0.782082463639297
-0.282829282182473
-0.4267076228357
1.37204177463614
1.46889751556215
1.36489121298603
-0.909481768678767
-0.281112067267468
0.442535706209108
-0.118373799188469
-1.26107174884632
-1.54424158452817
-1.82418374213367
-1.81879939907003
-1.53593512682685
-0.641039754835057
-1.33887116950483
-0.641415726687153
-0.82854494758269
-1.40808221455292
-2.32995406546765
-3.41801386259157
-2.13457108885261
-0.625123156044455
1.01693870671421
1.19995209380402
-0.345634236502845
-1.16003822168
-1.98032158776918
-1.53140274966794
-2.79253968929925
-2.31598737514028
-2.78825162239773
-2.76828842002733
-3.15387158383637
-3.31219498580329
-3.07525336468518
-2.29888674627299
-2.59377568131971
-3.23104681528664
-3.67686894080233
-2.93973683713323
-4.42042986023235
-4.88035837949344
-3.91515637819846
-3.68548724006883
-2.38171652293267
-3.2591692500917
-2.3709910845985
-3.00115283875126
-3.12040475504566
-2.84811615495081
-4.04406800036982
-4.31337385509106
-4.02926204646877
-2.72826281345748
-4.26351883013019
-3.55742462276976
-3.30992653171938
-3.09265819924064
-2.73134543737039
-2.93219515376205
-2.31711565093399
-0.984571770870024
-0.714552083642758
0.0509422615483748
-1.09973543325046
-0.45173124944457
-0.980496463415162
-1.54359507629581
-0.568434897401313
-1.82328949620569
-3.27525659616831
-2.98940426794973
-1.92238280466857
-1.96104162820236
-0.192817109333979
0.453297244991863
0.375581704022161
0.0312669968291976
-0.158255168468788
-0.172657783128683
-0.401467942337543
0.801024965678591
-0.26297613877568
-0.517371425530192
-1.06612193539264
-0.4165029017321
-0.191944992713367
-0.0732673067281537
-0.0984616652532746
-0.933670275489613
-1.46380648234107
-0.814751255451123
-0.108118835434587
0.237292358779071
0.74428930220259
0.119212794751137
-0.730305828990887
-1.30122833381727
-0.091579994390967
-0.379164658167121
-0.519465808973697
-0.699636997089825
-1.35267751731629
0.130406516455368
-1.77835874063723
-1.9318747992148
-1.76014222222233
-1.09621016712631
-2.31136318357507
-2.38394590650397
-2.22136304633926
-2.83060338479257
-3.75552885328516
-3.27642142215461
-1.21784673145573
-1.00145777879908
0.0322008908114964
0.406871444372455
0.444795387689419
