-3.04011036896172
2.05732646881369
-4.259731610456
8.50329168791874
-4.78087519832712
0.802331676518631
2.76427483949907
0.227595638614458
3.51718833867089
-7.70898993689865
-1.93883200362787
-3.8454806848037
0.108882516601584
0.416681761699265
-1.91333708777149
4.64444258587751
-5.07302871995072
0.764491592177732
-7.80509056320777
-2.70763306504467
-2.21164991730648
5.50699410000123
-6.03710891364222
2.07430446253378
3.96684057038308
0.91224823878429
2.52549770442457
-0.229200818260854
4.17935045259946
-10.315149875996
0.450428263552669
-1.00786637481938
-5.32299928473814
-2.31351715887082
-2.46073856453377
2.45056373296842
6.38806979191048
-0.209039748160684
0.891904602859036
6.12964357537487
-0.353010324386237
15.1105696594602
-11.6277782499965
5.93158943892766
-0.935239727252994
4.64423931354744
-2.58292260097226
-0.510272540607979
0.638728858748715
-3.53210203151318
1.80666269484665
-1.35070280521263
6.12701127246063
-3.34242645431071
-2.86765669443416
8.95449083389004
-0.791536698095413
-1.94657814744106
4.61624066600633
-1.75909734771164
-4.49891636645529
4.73635627032396
-2.75609134463767
-2.90200329291816
0.195108246903938
2.82375724747737
-3.22982253847582
12.447029597084
-6.37111191845581
-1.43839779266241
-1.12235657370746
0.400309858601079
7.09237356496432
-3.38082342143859
-1.38946003495869
3.32942677269497
-6.09323598883129
8.35666021817932
-0.478531332838847
5.12060022584167
-1.12903153019267
2.34491709481031
-6.33976198965331
-6.92178823348802
6.26124250961479
-1.23317911157546
2.24070124607936
0.627202117565321
-0.66825588495608
-2.1342227104916
0.427809806531017
-1.84284238842459
0.834649946289768
-1.63627419752147
-0.829856458333694
-4.73301687340336
6.41536836877185
-9.53485786791028
13.1984454795689
-8.80613566641504
5.25310430803998
-4.71375642779823
-8.4671668162934
2.8024846253494
1.61674549135718
-6.78445935489316
7.39711310192819
-4.34043666006089
6.51150684886484
2.53410077664443
1.03500698883886
0.493730494290987
4.03763626237552
-3.71545529478946
1.88184976854221
0.0663072285705576
-2.27397320002402
2.59964206448707
-2.47205757301364
6.23178263117314
-8.71525446675595
2.4361182039632
-4.85421665596137
-0.313420265017798
-1.99952991462034
2.61848813412885
0.715280750572109
0.704662074186523
