-0.686455040664208
-1.39232520491426
2.99813252729188
3.3469664389771
0.296863492810616
-2.77131776696757
1.7433500582761
-2.46295954085958
-2.87416104407864
-1.19180372947751
-0.948584839431687
0.0553670133429443
-3.68723103768886
-1.23107205104316
0.846261728580271
1.35843295429824
-1.73445818371604
1.04363340242827
-0.373211543908908
-2.16810690281808
-0.929401298162806
2.56133295260878
3.76326189875971
-2.14927904436404
-2.5472100726163
3.0111920157068
-4.18529208633382
1.35751263784942
1.68369281568606
3.41880632691075
0.509224649583172
0.283999760220699
2.09477958974754
-1.29450729531394
-2.35504844284799
-0.390746829696809
-2.48538139473994
1.71705478461375
1.00406814464861
-1.32041443724874
0.529513751180231
0.628970017529028
-0.0257065444701852
-0.522573569876776
-3.45858719276837
-2.01926855097797
1.48376554430117
0.400616820319543
0.259125458602592
-0.792230937752661
-1.05528792369815
-3.31878724206413
2.17568975238581
0.648015418986723
-1.99591847224707
-2.93773359803212
0.217793910339743
0.956376028068324
-2.35674095268249
1.68301062940869
0.911851356875202
0.0103310612158717
0.535919647049776
2.34807166611955
-1.50557687871961
-1.68556738996877
-2.17415679331587
0.990445576417915
-0.581862612320644
-0.514000253227545
-3.96694778882085
2.69356574369896
0.493292063691325
4.49138669981373
0.793754617933417
-1.67259460878644
3.85750526453748
-1.96178218120396
1.23588401184943
-0.453733343616483
-3.69705546396926
-0.470183451130236
1.78420508501899
2.18256861126031
1.03444193683648
-0.498505226997595
0.609935055375023
0.38807936145603
-1.40845962595705
-0.591862593739371
-0.104674325631791
-0.99430320767423
-0.684983729601306
-1.59060711353549
-1.85127798717772
0.719318818345621
3.47915982825008
0.260432146749455
0.0629968247723658
-4.03246101743951
-2.33131914913188
-0.102124818891849
1.4506569322055
1.81129165850545
0.70213382721786
-0.563427305878689
1.29631690948144
-0.89550325983317
1.46889280094586
-0.632766376390006
0.570328678930451
-1.98864706521894
1.72557077696328
-1.99743541334438
-1.76373137312257
-2.34500673170251
-2.36619337981487
3.24812941424864
-1.49713990513419
1.74747938322609
0.0143165709842267
2.89458475285844
0.60612166581492
-1.40206127674653
-3.05527055787978
-2.93511131149569
1.8332004942414
2.00046414252856
