10.2660384358258
10.4159196433276
9.92828854154977
10.3573022138911
9.53965815711415
10.5550985204413
10.005561205247
8.98026000577597
9.30642697815833
9.2735360919392
9.48044329016332
10.3720333081603
10.2146814820233
11.1522101827461
10.060827023676
10.0888006344827
9.25222734664264
9.72298642548344
9.46315971764366
8.41162848554766
9.33269585479511
10.1580376702162
10.5897390324179
9.5548724598972
10.6470925660306
11.0880608331548
11.8823111945728
10.0652852362946
10.2921403628285
7.90450497299017
9.37175384497441
8.91596966089885
8.77220461604659
9.82605948808454
9.79378252685227
9.9798463408168
11.0017084258219
11.7412726553921
9.97118726722501
9.85639131766999
9.52862850921872
9.22062500032068
9.32603487998604
9.16696818047541
9.92212562823308
10.0844988207471
9.15380085504975
10.4446362715441
9.78390730547625
9.99272722010913
10.2464070565394
9.78327979248947
9.53243585249347
9.27705533244732
10.3003637867097
9.271369155362
10.0988687035163
10.5664666281484
10.8418415620779
10.4458431004756
10.1671482987399
11.1913409937134
9.79456391975844
10.191004902166
10.0508173915936
8.28635179279224
9.88759265381336
9.08170887970878
10.3434341336322
9.08538361001674
9.86183460551296
10.9427031692286
11.0982347770677
9.82434884719067
10.422783139494
9.59304864430623
9.49014050678122
9.16295522952351
10.3838361717075
9.34617345668629
9.92864444426204
9.32703112369964
11.6122160124311
11.1695726841063
10.3948215824362
10.1798201535755
10.5400537441715
9.22500374277954
9.25681775694461
8.45692264638101
9.56593682418944
10.5353298564929
9.43289115765431
9.40845946928473
10.5325315415228
11.3545458767581
10.5255176161502
9.16542331703148
9.43845416294107
9.04559760275371
8.78877266621997
9.95902999846787
9.2249589377042
10.5877320010705
10.9404742557097
10.879094178827
11.1074630918745
10.7627724345662
9.9808827461703
9.49649373422662
8.96953757161787
10.035408644371
10.2105721068832
8.83750414175934
9.86578855923248
10.1412465010959
10.1886375039265
9.49670321437901
10.9394601428732
9.705411409213
10.0663774941854
9.81278877332233
9.34922456504213
8.80221187140901
9.3253291621912
9.31679551522866
9.51080645083609
10.4585447303576
