-18.1
-8.00
-5.20
9.10
12.9
19.2
18.4
17.6
14.8
8.10
-1.90
-13.3
-14.8
-10.8
-2.90
3.40
12.6
21.7
20.3
22.7
14.2
8.90
-1.30
-12.9
-12.1
-8.40
1.80
5.20
14.5
19.5
22.3
21.7
15.1
5.50
-1.30
-16.3
-11.3
-16.1
-2.40
8.20
12.1
21.1
22.4
21.3
12.6
8.00
-0.70
-11.2
-9.10
-11.6
-5.70
4.10
11.7
17.2
20.9
20.4
15.3
5.10
-1.60
-6.40
-10.4
-4.90
1.20
10.7
13.9
19.7
23.4
21.4
17.3
6.70
-0.30
-9.80
-11.8
-11.0
-2.70
1.60
16.7
19.1
20.5
18.6
12.2
9.10
1.10
-7.70
-8.90
-5.20
-1.60
5.20
14.7
19.7
21.2
20.6
15.2
9.10
-0.70
-11.3
-13.7
-10.8
-1.50
5.60
13.3
21.2
22.2
21.8
13.6
9.40
1.60
-4.70
-9.30
-17.3
-2.40
6.70
17.2
20.8
21.2
21.1
14.0
10.2
-3.30
-4.60
-10.8
-5.60
0.0
9.40
12.9
18.3
25.4
21.3
14.2
12.1
5.40
-10.0
-14.1
-11.2
-0.80
5.70
14.1
19.0
21.5
21.1
12.0
8.20
-1.50
-17.0
-9.30
-15.8
2.30
10.6
10.8
19.9
21.8
17.9
14.8
10.2
0.30
-3.70
-6.80
-7.40
0.50
9.60
14.4
17.4
22.0
20.7
15.9
5.30
2.80
-0.70
-17.2
-1.20
-0.60
10.5
14.5
17.1
23.7
22.1
13.4
8.00
3.60
-7.00
-5.40
-13.8
-0.4
5.20
15.1
18.4
19.8
18.3
11.1
6.90
-4.50
-8.20
-11.8
-9.50
-8.20
6.20
16.9
17.9
21.8
18.7
13.4
6.00
0.70
-9.00
-7.90
-4.90
-5.60
3.90
11.7
18.1
21.7
19.3
14.6
7.80
3.00
-8.70
-14.2
-17.5
1.00
3.90
10.4
20.3
22.5
21.5
15.6
5.10
-6.90
13.0
-7.20
-6.10
-1.80
12.7
12.6
17.2
21.9
22.1
12.6
11.5
-1.60
-7.20
-11.8
-7.10
-0.1
7.50
17.1
20.2
21.2
18.4
14.0
5.30
-1.90
-7.40
-12.2
-8.60
0.60
4.10
14.8
20.7
22.4
20.5
13.2
7.90
-1.40
-7.40
-10.1
-8.80
2.70
9.30
10.0
12.2
19.2
19.5
14.1
8.30
-5.30
-8.70
-6.40
-17.0
-16.1
5.40
11.1
16.6
20.8
19.2
14.7
2.80
-3.10
-5.30
-12.8
-6.20
-0.30
10.5
12.2
16.4
20.6
18.1
12.7
5.10
-2.30
-8.40
-7.30
-4.00
0.60
8.30
15.4
19.0
23.3
20.8
15.8
7.90
-1.30
-9.30
-2.30
-7.20
3.30
7.80
17.7
18.8
23.5
23.6
17.9
7.80
4.70
-6.00
-15.1
-7.60
-5.50
7.20
11.3
17.9
22.1
19.7
14.6
8.50
-0.50
-8.80
-8.30
-7.20
-2.30
6.90
15.3
19.5
19.5
19.1
12.3
8.80
-3.30
-13.4
-15.3
-10.2
-1.60
4.20
11.9
18.9
20.7
18.6
15.4
8.10
5.20
-13.4
-10.3
-8.10
-4.30
2.60
12.3
19.8
23.0
22.2
16.8
10.0
1.10
-10.7
-9.10
-5.70
3.70
10.1
14.8
20.2
24.4
20.2
20.1
10.3
-0.80
-11.3
-10.8
-5.30
-2.50
6.20
14.6
21.1
23.2
22.5
12.1
11.6
-3.20
-11.7
-10.3
-14.2
-5.10
7.30
12.0
18.5
19.6
20.7
15.7
7.40
-1.60
-11.8
-16.9
-9.60
-1.60
9.00
13.6
19.7
23.0
21.8
16.7
10.8
-0.1
-6.30
-11.9
-14.1
-4.90
8.70
15.2
18.5
22.3
19.0
15.8
7.80
0.60
-13.8
-17.9
-12.3
-6.90
8.40
14.7
21.3
23.6
19.5
15.1
10.8
-1.40
-14.2
-20.3
-10.2
-5.30
-0.40
12.4
17.6
23.2
20.8
16.6
9.20
-3.40
-4.70
-5.20
-11.2
2.90
5.90
14.6
19.7
22.3
20.8
15.7
8.90
-0.60
-7.10
-11.2
-8.90
-0.40
2.30
14.5
15.7
20.9
18.4
12.6
4.90
-1.70
-15.8
-10.1
-8.40
2.10
6.40
15.7
18.1
19.7
16.7
11.7
7.80
-2.70
-10.6
-12.9
-8.10
-3.80
7.10
11.2
19.1
18.8
18.3
13.2
7.40
-2.50
-7.20
-15.1
-16.2
-3.70
4.10
14.6
17.3
20.2
18.1
13.4
7.30
-3.20
-6.80
-7.10
-9.90
-3.30
7.70
15.2
17.2
18.9
18.2
13.1
3.60
-2.20
-7.90
-12.0
-6.60
-3.40
5.20
14.3
19.3
21.7
19.8
13.4
6.00
-2.30
-12.5
-10.3
-4.80
-4.80
5.80
14.8
18.9
17.8
18.2
18.3
7.90
1.30
-13.3
-12.4
-13.8
-7.70
4.90
13.0
16.7
22.0
16.8
10.7
8.80
-1.00
-9.60
-13.9
-9.70
-10.9
4.10
9.70
18.8
18.9
19.2
12.9
7.90
-0.20
-10.4
-15.7
-11.3
-0.20
3.40
14.9
18.6
24.3
18.3
9.50
6.00
-1.10
-9.80
-7.60
-8.10
-6.70
4.60
13.8
16.8
19.9
19.7
14.9
3.90
-2.30
-7.60
-11.3
-9.10
-3.10
9.90
17.9
21.7
22.4
18.3
17.2
8.90
2.20
-7.90
-11.4
-7.30
-0.40
7.20
6.90
18.9
20.6
20.3
13.4
8.00
-4.10
-14.1
-10.6
-7.90
-6.50
8.40
13.2
19.3
22.1
21.4
14.4
8.60
-4.50
-16.3
-15.7
-12.2
-3.70
4.80
12.2
19.8
21.2
21.4
12.6
5.40
-3.80
-8.40
-11.3
-10.8
-5.60
3.10
15.3
19.8
22.7
20.7
16.0
9.40
-2.30
-8.10
-21.1
-19.4
-6.20
3.60
14.3
17.1
20.9
19.2
14.6
6.30
-3.90
-3.80
-8.70
-8.80
-3.90
5.90
11.8
15.7
21.5
19.6
15.1
7.30
-0.1
-13.1
-13.4
-1.60
-5.60
7.10
16.1
16.8
22.2
21.6
17.6
8.20
-0.80
-0.70
-6.60
-1.30
6.50
10.3
12.9
19.8
24.2
23.7
17.3
6.00
3.30
-7.90
-12.1
-14.3
-1.40
9.70
16.2
20.9
24.5
22.3
14.3
13.8
-0.70
-13.9
-7.70
-7.90
-3.20
6.10
16.8
20.4
22.3
21.0
15.2
6.50
-7.40
12.7
-15.7
-10.8
-2.90
6.00
16.8
18.1
21.2
22.6
15.4
8.50
-2.80
-3.80
-9.40
-4.50
0.20
8.70
10.4
17.9
18.5
20.4
15.9
10.1
-0.80
-11.6
-19.9
-13.9
-6.10
6.50
10.8
18.0
21.3
19.5
13.5
6.30
-1.20
-9.40
-16.3
-13.8
-4.40
6.30
14.2
19.3
19.3
19.8
16.8
9.30
-2.00
-13.2
-18.0
-15.3
-4.30
6.30
13.8
18.5
21.5
17.8
13.8
5.60
0.30
-6.20
-16.2
-11.1
-3.50
8.40
13.5
17.8
22.1
21.2
14.7
13.7
-3.20
-14.6
-18.6
-13.9
-3.70
6.90
16.7
20.4
22.7
18.9
14.0
4.90
-1.50
-8.90
-19.4
-12.1
-7.80
4.30
9.30
18.9
21.3
18.3
14.2
7.00
1.20
-4.00
-7.10
-11.6
2.60
9.10
14.2
18.8
22.2
21.1
14.9
7.00
-1.70
-1.30
-12.3
-7.10
-4.80
8.90
11.5
20.7
21.7
18.4
13.7
7.30
1.50
-7.60
-5.90
-11.9
-4.10
9.00
14.4
19.1
19.0
19.8
19.5
8.90
0.90
-2.20
-11.7
-5.20
-2.10
5.90
10.4
18.4
21.4
20.8
16.4
9.90
-2.40
-9.90
-16.6
-13.9
-5.80
3.00
11.5
21.1
22.4
19.7
15.8
8.60
-1.60
-11.4
-13.0
-10.1
1.20
8.30
14.1
22.1
23.6
21.8
16.7
8.40
-3.30
-3.70
-16.1
-13.3
-2.30
10.4
13.8
18.4
19.8
20.8
17.2
5.50
-1.80
-7.00
-9.60
-7.00
-3.10
7.90
16.4
18.5
20.6
20.7
12.2
5.80
-7.30
-6.40
-14.0
-8.70
-6.20
5.90
11.9
16.3
21.3
17.4
17.9
9.60
-4.10
-11.4
-6.80
-7.60
0.50
6.60
13.3
18.4
20.3
18.8
15.1
6.80
-2.60
-11.3
-10.8
-15.1
-9.30
7.50
13.9
18.6
21.8
21.3
14.0
10.2
3.90
-7.50
-7.10
-14.7
-4.80
8.90
16.1
19.5
21.1
23.9
15.3
7.80
-2.60
-6.60
-9.10
-11.6
-1.70
9.40
15.3
20.2
24.8
22.2
15.6
11.4
-0.20
-9.40
-7.80
-8.90
2.10
7.10
16.0
17.1
21.5
18.7
13.8
9.00
2.10
-9.40
-10.6
-10.6
0.50
6.80
14.4
16.9
20.1
18.2
13.8
9.20
-2.20
-12.6
-14.8
-16.0
-2.40
4.60
13.8
17.6
19.3
18.6
15.1
9.10
3.20
-7.60
-15.0
-13.1
1.60
6.30
12.3
18.1
20.1
20.8
17.0
6.70
0.90
-5.10
-7.00
-8.80
-5.30
10.1
12.8
18.2
20.4
21.3
17.1
7.80
0.1
-6.90
-13.9
-8.30
-0.60
2.30
8.60
17.4
20.5
19.3
14.4
8.00
0.80
-4.80
-7.60
-6.30
-1.40
7.40
12.8
17.1
21.4
19.3
18.7
8.40
1.80
-6.70
-9.40
-8.40
-1.80
3.10
12.3
18.9
21.7
22.6
15.0
7.80
2.70
-11.4
-10.7
-12.2
6.30
10.3
12.4
21.5
23.1
20.4
17.0
11.8
-2.30
-7.60
-12.2
-5.40
2.20
7.40
17.6
22.6
21.4
19.2
15.4
7.10
-5.30
4.80
-20.3
-10.6
-4.80
8.60
14.4
17.6
21.3
19.6
15.8
10.3
2.20
-5.30
-10.9
-10.8
-3.50
8.90
12.8
21.4
21.6
22.2
16.1
8.00
3.90
-2.10
-6.20
-14.2
-1.20
6.90
15.7
19.0
23.5
20.3
16.3
12.6
1.90
-12.7
-12.6
-4.80
-3.40
12.4
11.2
15.9
18.1
18.2
15.4
9.80
1.30
-6.70
-12.8
-12.4
-3.70
6.10
12.9
16.7
25.1
21.7
14.6
7.40
0.0
-11.9
-14.8
-15.2
-3.80
5.50
12.3
17.2
21.7
18.8
14.7
3.30
2.90
-13.3
-16.4
-9.20
2.80
5.90
15.2
18.3
20.6
20.8
12.1
10.0
2.40
-2.60
-7.20
-9.20
-1.20
6.90
13.2
20.3
22.3
20.5
17.0
6.10
-3.90
-12.4
-14.4
-9.80
-1.70
3.10
14.1
19.6
20.6
19.6
17.6
12.5
-0.30
-5.70
-6.40
-4.60
0.70
10.2
14.5
21.8
24.1
20.4
16.7
9.40
-3.40
-6.80
-11.1
-12.4
-0.60
6.70
16.6
19.8
20.2
22.2
17.6
10.8
3.30
-8.30
-9.20
-13.2
-5.80
6.20
13.9
20.6
23.5
18.8
16.1
7.70
3.20
-1.60
-15.2
-7.00
-1.80
6.90
9.90
17.7
20.1
19.4
13.8
12.5
-0.30
-13.7
-11.8
-6.60
0.90
10.9
11.9
18.2
20.4
20.6
17.9
2.10
-0.20
-9.90
-9.70
-5.40
-4.00
6.10
16.4
17.3
21.3
20.3
13.7
7.70
-3.40
-11.6
-12.3
-5.80
0.50
6.30
11.5
17.4
19.5
17.9
16.1
9.80
-2.00
-14.9
-9.60
-6.80
-0.1
3.10
15.3
16.4
21.2
20.6
13.9
10.1
1.60
-3.80
-16.7
-13.1
1.40
7.90
10.2
17.8
22.3
20.4
14.8
9.70
-2.60
-7.90
-15.5
-3.10
-0.20
8.60
14.3
18.2
23.1
22.8
15.8
7.70
1.90
-6.20
-4.10
-0.50
-0.90
9.30
12.5
22.4
23.9
21.5
19.5
11.3
3.70
-2.00
-9.30
-8.40
-6.50
6.90
13.7
20.8
22.6
21.8
15.0
7.20
0.0
-10.1
-6.00
-11.9
-1.60
6.10
12.8
22.8
23.2
19.4
17.8
7.00
-1.70
-9.10
-7.60
-8.40
-2.60
6.80
19.4
21.5
23.4
19.9
13.9
11.2
2.70
-11.1
-13.4
-4.90
0.0
5.00
10.8
16.7
24.9
21.8
16.2
8.80
-2.10
-8.90
-16.6
-19.4
-2.50
4.20
17.5
18.2
26.1
23.2
18.1
7.30
-1.60
6.80
-16.3
-11.5
-3.80
6.20
14.1
18.2
23.1
24.2
16.7
6.70
1.10
-8.30
-10.4
-5.80
2.80
7.90
13.4
19.1
22.2
22.2
16.4
12.6
0.20
-7.10
-8.20
-12.6
-2.20
5.80
18.4
19.7
22.2
20.6
16.9
8.20
3.00
-3.00
-15.3
-7.70
-5.30
6.40
12.8
19.3
22.8
19.5
17.7
11.8
-2.00
-5.90
-8.30
-9.60
-2.60
11.5
16.9
19.8
22.6
21.6
17.1
10.2
2.40
-2.70
-6.80
-6.80
1.70
10.7
12.4
18.3
20.7
20.4
13.5
9.90
-0.70
-9.40
-14.0
-8.20
-4.40
7.10
12.8
20.6
22.6
21.3
14.2
9.30
-1.80
-4.70
-2.90
-5.90
-2.00
5.10
16.1
20.1
20.3
21.0
15.8
10.5
3.30
-7.10
-10.9
-7.90
4.00
6.80
11.1
16.1
20.4
20.6
15.3
9.20
0.20
-10.3
-9.30
-8.10
5.70
10.4
12.7
18.8
22.2
19.6
15.2
10.6
0.90
-6.30
-6.20
-10.1
-1.80
5.10
11.4
17.4
21.2
24.3
16.8
14.6
-2.90
-8.60
-12.4
-9.70
-3.10
9.90
13.8
19.2
23.4
21.9
19.3
10.0
1.70
-7.00
-10.4
-10.8
-1.40
8.10
16.0
21.4
24.4
22.6
14.9
11.4
2.70
-6.70
-13.3
-9.70
-4.70
2.70
12.9
19.3
21.1
19.4
16.2
11.9
-2.40
-11.4
-13.7
-9.20
-6.70
4.70
16.1
17.5
21.4
19.6
13.9
9.30
-3.90
-8.90
-10.7
-5.10
-3.80
9.20
14.2
20.5
22.3
19.9
16.9
6.70
1.70
-5.30
-8.90
-8.00
-0.60
4.80
14.3
20.8
21.7
21.9
16.6
13.8
3.60
-5.90
-12.1
-0.30
-2.10
8.10
11.3
21.3
22.7
20.4
16.1
8.20
2.90
-6.10
-10.7
-10.5
-3.80
11.7
16.9
19.4
24.6
23.1
16.9
10.6
-3.30
-10.9
-11.3
-10.0
-3.60
5.40
14.3
21.9
20.8
21.4
15.1
13.3
0.70
-4.60
-12.3
-6.80
-0.90
8.30
13.8
18.8
23.4
20.0
14.7
8.60
0.1
-4.1
-5.8
-9.3
-0.1
8.20
14.7
16.7
20.1
20.7
16.8
11.9
1.90
-9.90
-12.7
-9.60
0.70
8.30
15.9
20.9
21.9
22.4
16.4
6.10
-4.00
-1.70
-8.80
-7.80
-6.40
7.80
13.9
17.7
21.6
21.6
17.2
10.3
2.30
-7.60
-9.40
-3.80
0.90
4.30
13.3
20.3
21.2
21.8
15.8
11.1
1.00
-8.80
-12.8
-9.80
-3.40
6.20
16.5
18.9
19.8
20.6
14.2
11.4
2.70
-6.30
-15.4
-9.90
1.40
9.30
13.4
21.2
22.3
20.2
17.2
14.9
3.90
-12.5
-6.30
-4.10
-3.00
8.30
16.4
20.1
23.9
19.8
15.3
9.30
1.60
-10.0
-12.5
-11.5
-7.40
5.50
15.4
18.9
20.7
19.5
11.9
10.3
0.60
-2.60
-16.2
-9.90
1.90
5.40
12.1
20.2
23.3
19.1
15.4
8.80
-0.80
-7.80
-9.00
-13.1
-1.40
7.30
11.3
19.2
20.4
18.9
15.3
7.90
-0.20
-5.60
-9.70
-9.90
3.80
9.40
12.1
19.2
20.7
20.5
15.3
10.6
0.80
-8.20
-13.4
-7.70
-5.60
8.60
15.4
16.0
21.8
21.7
16.3
7.40
0.70
-7.00
-15.7
-9.60
-4.30
7.10
14.8
20.7
22.6
21.1
15.4
9.20
-0.1
-8.60
-14.6
-8.70
-2.80
8.10
12.3
21.2
18.9
18.7
15.0
10.7
-0.40
-9.10
-14.6
-12.2
-3.50
5.30
15.9
19.2
19.7
19.7
13.6
6.10
-0.60
-12.1
-9.30
-7.40
3.40
6.10
12.8
19.7
21.2
21.0
15.1
12.1
1.20
-8.70
-11.7
-9.00
-1.20
8.40
12.4
18.3
23.6
18.7
13.3
10.1
0.90
-4.70
-10.7
-9.20
-5.80
3.20
15.9
19.3
22.8
20.1
12.8
10.3
1.90
-6.90
-12.1
-2.90
0.0
10.4
13.8
20.7
23.1
21.0
14.9
5.90
-3.30
-12.7
-19.4
-6.20
2.30
11.3
19.0
19.2
21.9
17.8
15.9
8.50
-0.70
-10.6
-15.4
-12.7
-2.30
6.70
16.0
19.8
21.1
21.1
18.9
9.70
-1.60
-11.3
-18.2
-12.7
-2.60
6.40
12.7
18.9
21.6
19.7
16.3
8.50
-0.60
-4.20
-9.80
-10.1
-3.20
9.70
16.6
20.0
23.2
20.6
15.3
7.20
2.70
-6.30
-7.20
-4.80
3.60
9.40
14.0
19.8
22.1
20.9
15.2
8.10
3.10
-8.90
-17.2
-9.60
-2.30
5.80
16.5
17.3
22.9
20.8
15.4
9.60
-0.90
-4.10
