2.28724716134052
-1.19677168222235
-0.694292510435459
-0.412292951136803
-0.970673341119483
-0.947279945228108
0.748139340290551
-0.116955225887152
0.152657626282234
2.18997810732938
0.356986230329022
2.71675178313072
2.28145192598956
0.324020540138516
1.89606706680993
0.467680511321698
-0.893800723085444
-0.307328299537195
-0.00482242226757041
0.988164149499945
0.839750359624071
0.7053418309055
1.30596472081169
-1.38799621659285
1.27291686425524
0.184192771235767
0.752279895740033
0.591745052462727
-0.983052595771021
-0.276063955112006
-0.870851022568591
0.718710553084245
0.110652877769336
-0.0784667679717042
-0.420490459341998
-0.562125876285266
0.997513444755305
-1.10513005881326
-0.142287830774585
0.314994904887913
1.21855053450735
-0.699317078685514
-0.285432751528726
-1.31155267260939
-0.391012431449258
-0.401526613094972
1.35051758092295
0.591190027089221
0.100525455628569
0.931071995520097
-0.262742348566532
-0.00766810471266396
0.367153006545634
1.70716254513761
0.72374026252838
0.481036048707917
-1.56786824422525
0.318250283480828
0.16599145067735
-0.899907629628172
0.0763714738605741
0.159155278262728
0.543674184709699
0.704807352613047
0.31896914255711
1.10924978897106
0.769154194657112
1.15347367477894
1.26068350268094
0.700623506572324
0.432627160845955
-0.922601718256921
-0.615584206630919
-0.866659688251375
-1.63951708718114
-1.32583924384341
-0.88903672763797
-0.557602330302113
-0.0624023088383481
2.42269297715943
0.342585350147299
0.00424823625213038
0.0292198420016504
-0.393423429121303
-0.792704562788928
-0.311701865295172
-0.34606859178086
-0.304607588245324
-1.78589348744452
0.58727467185797
1.63579443444659
-0.645423473634397
0.61899216878734
0.236393598401322
0.846500898751643
-0.573645738849693
1.11799320399617
-1.54000113193302
-0.438123899300085
-0.150672970896448
