0.686377002859612
1.29544421201413
0.767573398960747
-0.200737329802806
-0.109521558476936
1.26899705141877
-1.31592480130227
-1.67566590680436
0.419965298917442
-0.171580629916881
-1.54370616296991
-0.356751425931222
1.17511994984968
0.0591565814300132
1.20169056164286
-0.559614271274276
1.03779833111598
0.77247989790276
0.165547912718912
-0.727222317444593
-0.571711859552995
0.528283682264755
0.612648648087253
0.811983335125086
0.833296391874357
-0.89305979012968
0.795273898001322
-0.838249364170254
-1.08445514747611
1.40261233226644
1.51967640316177
1.61868938379131
-1.36083110224446
-0.392320710660701
1.26468643572371
-0.365574485725653
1.16788812494874
-1.55221286117461
0.41417034349521
0.0975652590339207
-1.52418185609433
-1.27855030180763
1.5303699017266
0.779891304973241
0.881320027318687
-0.157780216656568
-0.244159849956299
0.722358706746119
0.925125472745057
-0.761897478073968
1.51517373040365
-1.56666459824763
0.671255177611191
0.789772161051568
0.0460495462542749
-0.559200469692247
-1.48570763751142
0.609850460188583
1.19835727767638
-0.258509551320776
-0.774306227314414
-1.08761958282725
1.01055382423608
-0.717834322495229
1.06278960945284
-0.679499065047587
0.497716301546435
0.150883498350875
1.28786442493329
0.0238734433513046
-0.954376646942571
0.720978388451158
0.595547731431826
-0.36241044719662
1.10902853583402
1.49632350412106
0.36832776255587
-0.310497873590325
1.18874953844959
-0.490695158538262
-1.48281464219642
1.16611740789779
-1.07094334729344
-0.287307179620757
0.227307804482654
-1.55634342125586
0.284319303493468
-1.12888989954035
0.641640142539719
-0.767140234556664
-0.0989455208704508
-0.0832706449667409
-1.08419183584087
-0.533434058237088
0.646042517702411
0.775894294083398
0.461621914697917
-1.56137286649602
-1.26052147552068
0.207316097617217
