-0.31671675472456
1.40942420735525
0.142299047473322
0.382535573201618
-0.984192572488704
-0.168919249598695
-0.0405583302506573
-1.50558072573279
1.55599845147534
-0.484000970103003
-0.712952242995719
0.545287635811808
-0.493972206522412
-1.04274675226403
1.34779925415092
-0.332043491420154
-0.696417934676742
0.989782404624517
0.694698128613717
0.0198997638012367
0.00685159831433731
0.817744844839231
1.50343297981557
0.0729660955350942
-0.928404018860332
0.649757735228795
1.02897457228878
1.68152099830484
0.578108882336331
0.227140466148309
-3.0098588671354
-3.25778875544581
-1.45243047377101
0.390452005024602
0.811361529050348
0.244884801342132
1.36269137917951
0.775521487921625
0.0247401236560561
0.198233117006879
-0.0191293666888889
-1.54048729613026
0.349662170234436
0.103847069614793
-0.434799259833521
0.72136193197817
-0.147961239543204
0.45888654192456
0.23289056301227
0.953180316571089
-2.71445996906441
-1.15882362652504
0.476214656517512
0.915332369970372
1.54866386955475
-0.0901438099953522
-0.223648462722963
0.743790618703059
0.0596406042214623
-1.56799803121592
-0.498932462375797
-0.0381429544178251
-0.206139303092399
-0.234943673492426
-0.143399845918901
1.90189681633906
0.416851595632504
0.553891677534628
0.115154726020676
0.281338435916601
0.387972525451632
0.0761967267465246
1.25228490441881
-0.80953859834577
0.240343698609789
1.57962904601839
0.481572716201186
0.170488022351832
0.29809326372545
-0.0207610228830993
-1.27179780454354
0.255895625075161
0.498392426366237
0.357764914327483
-1.9441920448488
0.0515629014600966
-0.480848804663989
0.504110557098271
0.489420251407364
0.28547288304599
0.29653313028225
0.583228059275302
0.127872511049819
-1.98013123293727
-0.310777618433829
2.61101330419935
0.22343780923909
0.447781922499952
0.0242478528751556
1.10306236307614
