0.0929511063083329
0
-0.303430903226375
1.71788028509944
-0.187426563743158
0
-1.16013409021351
1.27048921063858
0.973499056423508
0
0
-1.44727500190632
1.17944966685031
0.490570930135325
-0.316371707305387
1.51549791150319
-0.657254215631731
0
-0.0811929683760032
-0.797137906156468
0
-0.22937003869982
-0.583411435795846
0.656672889340984
-0.0711795760236593
0
0.781197362388702
-0.908205179486098
0.725324361839493
-0.556345492270455
0
-1.24837924923267
0
-0.0385106805776402
0.150111088278674
0
0.172066601646553
-0.0534086133382966
0.49138316203117
-0.0339724886805735
-1.87299181567103
-0.331719085014832
-1.17074013466931
0.565123431701107
-0.0893974380796699
3.15700609756345
1.96114605418732
-0.0566356633383192
-1.43269542492263
-0.773109932047835
0.298524630303414
-0.325464301074097
1.21503617024011
0.533209755112759
0.63814271375173
0.341903118403759
0
0.966283453641216
0
0
0
-0.0509294973187383
0
-2.64215471854768
-0.276235209693222
0.827253769439474
-1.20505681286467
-1.42297009358663
-0.733427376214271
0.377255773476003
-0.619193636663856
-0.680569458448312
0.938358711487435
0.521064343478302
1.20407750089277
-0.0677144011305295
0
-1.3701369800196
0
0
-5
-0.23430686181365
0
-1.47712237256124
-0.352180821582837
-1.65922618450841
0.766903994738908
0.220976650440121
0
0.749057243664476
-0.965529654198486
0.0977114971911051
-0.912611180892733
0.230281960979813
-0.150044413961676
1.56657535133156
0.0972050160401413
0.680930984450741
0.441835516507241
-1.42328838571605
