2.28724716134052
-1.19677168222235
-0.694292510435459
-0.412292951136803
-0.970673341119483
-0.947279945228108
0.748139340290551
-0.116955225887152
0.152657626282234
2.18997810732938
0.356986230329022
2.71675178313072
2.28145192598956
0.324020540138516
1.89606706680993
0.467680511321698
-0.893800723085444
-0.307328299537195
-0.00482242226757041
0.988164149499945
0.839750359624071
0.7053418309055
1.30596472081169
-1.38799621659285
1.27291686425524
0.686377002859612
1.29544421201413
0.767573398960747
-0.200737329802806
-0.109521558476936
1.26899705141877
-1.31592480130227
-1.67566590680436
0.419965298917442
-0.171580629916881
-1.54370616296991
-0.356751425931222
1.17511994984968
0.0591565814300132
1.20169056164286
-0.559614271274276
1.03779833111598
0.77247989790276
0.165547912718912
-0.727222317444593
-0.571711859552995
0.528283682264755
0.612648648087253
0.811983335125086
0.833296391874357
-0.31671675472456
1.40942420735525
0.142299047473322
0.382535573201618
-0.984192572488704
-0.168919249598695
-0.0405583302506573
-1.50558072573279
1.55599845147534
-0.484000970103003
-0.712952242995719
0.545287635811808
-0.493972206522412
-1.04274675226403
1.34779925415092
-0.332043491420154
-0.696417934676742
0.989782404624517
0.694698128613717
0.0198997638012367
0.00685159831433731
0.817744844839231
1.50343297981557
0.0729660955350942
-0.928404018860332
0
0
-5
0
0
0
0
0
0
0
0
0
0
5
0
0
0
0
0
0
0
0
0
0
5
